4 0 0 0===0
4 0 0 0===0
4 0 0 0===0
4 0 0 0===0
4 0 0 0===0
4 0 0 0===0
4 0 0 0===0
4 0 0 0===0
4 0 0 0===0
4 0 0 0===0
4 0 0 0===0
4 0 0 0===0
4 0 0 0===0
4 0 20 39===1
4 0 0 0===0
4 0 0 0===0
4 0 0 0===0
4 0 0 0===0
4 0 0 0===0
4 0 0 0===0
4 0 0 0===0
4 0 0 0===0
4 0 0 0===0
4 0 0 0===0
4 0 0 0===0
4 0 0 0===0
4 0 0 0===0
4 0 0 0===0
4 0 0 0===0
4 0 0 0===0
4 0 0 0===0
4 0 0 0===0
4 0 0 0===0
4 0 0 0===0
4 0 0 0===0
4 0 0 0===0
4 0 0 0===0
4 0 23 44===1
4 0 0 0===0
4 0 0 0===0
4 0 0 0===0
4 0 0 0===0
4 0 0 0===0
4 0 0 0===0
4 0 0 0===0
4 0 0 0===0
4 0 0 0===0
4 0 0 0===0
4 0 0 0===0
4 0 0 0===0
4 0 0 0===0
4 0 0 0===0
4 0 0 0===0
4 0 0 0===0
4 0 0 0===0
4 0 0 0===0
4 0 0 0===0
4 0 0 0===0
4 0 0 0===0
4 0 0 0===0
4 0 0 0===0
4 0 8 32===1
4 0 0 0===0
4 0 0 0===0
4 0 0 0===0
4 0 0 0===0
4 0 0 0===0
4 0 0 0===0
4 0 0 0===0
4 0 0 0===0
4 0 0 0===0
4 0 0 0===0
4 0 0 0===0
4 0 0 0===0
4 0 0 0===0
4 0 0 0===0
4 0 0 0===0
4 0 20 37===1
4 0 0 0===0
4 0 0 0===0
4 0 0 0===0
4 0 0 0===0
4 0 0 0===0
4 0 14 23===1
4 0 7 29===1
4 0 26 38===1
4 0 0 0===0
4 0 0 0===0
4 0 0 0===0
4 0 0 0===0
4 0 0 0===0
4 0 0 0===0
4 0 0 0===0
4 0 22 41===1
4 0 0 0===0
4 0 0 0===0
4 0 0 0===0
4 0 0 0===0
4 0 0 0===0
4 0 0 0===0
4 0 0 0===0
4 0 0 0===0
4 0 0 0===0
4 0 0 0===0
4 0 0 0===0
4 0 0 0===0
4 0 0 0===0
4 0 0 0===0
4 0 0 0===0
4 0 0 0===0
4 0 0 0===0
4 0 0 0===0
4 0 0 0===0
4 0 0 0===0
4 0 0 0===0
4 0 0 0===0
4 0 0 0===0
4 0 0 0===0
4 0 0 0===0
4 0 0 0===0
4 0 0 0===0
4 0 0 0===0
4 0 0 0===0
4 0 0 0===0
4 0 0 0===0
4 0 8 32===1
4 0 0 0===0
4 0 0 0===0
4 0 0 0===0
4 0 0 0===0
4 0 0 0===0
4 0 16 24===1
4 0 17 29===1
4 0 26 38===1
4 0 0 0===0
4 0 0 0===0
4 0 0 0===0
4 0 0 0===0
4 0 0 0===0
4 0 0 0===0
4 0 0 0===0
4 0 21 40===1
4 0 0 0===0
4 0 0 0===0
4 0 0 0===0
4 0 0 0===0
4 0 0 0===0
4 0 0 0===0
4 0 0 0===0
4 0 8 32===1
4 0 0 0===0
4 0 0 0===0
4 0 0 0===0
4 0 0 0===0
4 0 0 0===0
4 0 0 0===0
4 0 0 0===0
4 0 18 36===1
4 0 0 0===0
4 0 0 0===0
4 0 0 0===0
4 0 0 0===0
4 0 0 0===0
4 0 0 0===0
4 0 0 0===0
4 0 0 0===0
4 0 0 0===0
4 0 0 0===0
4 0 0 0===0
4 0 0 0===0
4 0 0 0===0
4 0 0 0===0
4 0 0 0===0
4 0 8 32===1
4 0 0 0===0
4 0 0 0===0
4 0 0 0===0
4 0 0 0===0
4 0 0 0===0
4 0 0 0===0
4 0 0 0===0
4 0 21 40===1
4 0 0 0===0
4 0 0 0===0
4 0 0 0===0
4 0 0 0===0
4 0 0 0===0
4 0 0 0===0
4 0 0 0===0
4 0 0 0===0
4 0 0 0===0
4 0 0 0===0
4 0 0 0===0
4 0 0 0===0
4 0 0 0===0
4 0 7 22===1
4 0 5 29===1
4 0 26 38===1
4 0 0 0===0
4 0 0 0===0
4 0 0 0===0
4 0 0 0===0
4 0 0 0===0
4 0 0 0===0
4 0 0 0===0
4 0 0 0===0
4 0 0 0===0
4 0 0 0===0
4 0 0 0===0
4 0 0 0===0
4 0 0 0===0
4 0 0 0===0
4 0 0 0===0
4 0 8 32===1
4 0 0 0===0
4 0 0 0===0
4 0 0 0===0
4 0 0 0===0
4 0 0 0===0
4 0 0 0===0
4 0 0 0===0
4 0 0 0===0
4 0 0 0===0
4 0 0 0===0
4 0 0 0===0
4 0 0 0===0
4 0 0 0===0
4 0 16 34===1
4 0 0 0===0
4 0 0 0===0
4 0 0 0===0
4 0 0 0===0
4 0 0 0===0
4 0 0 0===0
4 0 0 0===0
4 0 0 0===0
4 0 0 0===0
4 0 0 0===0
4 0 0 0===0
4 0 0 0===0
4 0 0 0===0
4 0 0 0===0
4 0 0 0===0
4 0 21 41===1
4 0 0 0===0
4 0 0 0===0
4 0 0 0===0
4 0 0 0===0
4 0 0 0===0
4 0 0 0===0
4 0 0 0===0
4 0 0 0===0
4 0 0 0===0
4 0 0 0===0
4 0 0 0===0
4 0 0 0===0
4 0 0 0===0
4 0 9 22===1
4 0 5 29===1
4 0 26 38===1
4 0 0 0===0
4 0 0 0===0
4 0 0 0===0
4 0 0 0===0
4 0 0 0===0
4 0 0 0===0
4 0 0 0===0
4 0 0 0===0
4 0 0 0===0
4 0 0 0===0
4 0 0 0===0
4 0 0 0===0
4 0 0 0===0
4 0 0 0===0
4 0 0 0===0
4 0 0 0===0
4 0 0 0===0
4 0 0 0===0
4 0 0 0===0
4 0 0 0===0
4 0 0 0===0
4 0 0 0===0
4 0 0 0===0
4 0 21 40===1
4 0 0 0===0
4 0 0 0===0
4 0 0 0===0
4 0 0 0===0
4 0 0 0===0
4 0 0 0===0
4 0 0 0===0
4 0 0 0===0
4 0 0 0===0
4 0 0 0===0
4 0 0 0===0
4 0 0 0===0
4 0 0 0===0
4 0 0 0===0
4 0 0 0===0
4 0 0 0===0
4 0 0 0===0
4 0 0 0===0
4 0 0 0===0
4 0 0 0===0
4 0 0 0===0
4 0 0 0===0
4 0 0 0===0
4 0 0 0===0
4 0 0 0===0
4 0 0 0===0
4 0 0 0===0
4 0 0 0===0
4 0 0 0===0
4 0 0 0===0
4 0 0 0===0
4 0 0 0===0
4 0 0 0===0
4 0 0 0===0
4 0 0 0===0
4 0 0 0===0
4 0 0 0===0
4 0 0 0===0
4 0 0 0===0
4 0 0 0===0
4 0 0 0===0
4 0 0 0===0
4 0 0 0===0
4 0 0 0===0
4 0 0 0===0
4 0 0 0===0
4 0 0 0===0
4 0 0 0===0
4 0 0 0===0
4 0 0 0===0
4 0 0 0===0
4 0 0 0===0
4 0 0 0===0
4 0 0 0===0
4 0 0 0===0
4 0 0 0===0
4 0 0 0===0
4 0 0 0===0
4 0 0 0===0
4 0 0 0===0
4 0 0 0===0
4 0 9 22===1
4 0 4 29===1
4 0 24 38===1
4 0 0 0===0
4 0 0 0===0
4 0 0 0===0
4 0 0 0===0
4 0 0 0===0
4 0 0 0===0
4 0 0 0===0
4 0 0 0===0
4 0 0 0===0
4 0 0 0===0
4 0 0 0===0
4 0 0 0===0
4 0 0 0===0
4 0 8 22===1
4 0 4 29===1
4 0 24 38===1
4 0 0 0===0
4 0 0 0===0
4 0 0 0===0
4 0 0 0===0
4 0 0 0===0
4 0 0 0===0
4 0 0 0===0
4 0 19 37===1
4 0 0 0===0
4 0 0 0===0
4 0 0 0===0
4 0 0 0===0
4 0 0 0===0
4 0 0 0===0
4 0 0 0===0
4 0 0 0===0
4 0 0 0===0
4 0 0 0===0
4 0 0 0===0
4 0 0 0===0
4 0 0 0===0
4 0 0 0===0
4 0 0 0===0
4 0 0 0===0
4 0 0 0===0
4 0 0 0===0
4 0 0 0===0
4 0 0 0===0
4 0 0 0===0
4 0 0 0===0
4 0 0 0===0
4 0 0 0===0
4 0 0 0===0
4 0 0 0===0
4 0 0 0===0
4 0 0 0===0
4 0 0 0===0
4 0 0 0===0
4 0 0 0===0
4 0 0 0===0
4 0 0 0===0
4 0 0 0===0
4 0 0 0===0
4 0 0 0===0
4 0 0 0===0
4 0 16 23===1
4 0 6 29===1
4 0 26 38===1
4 0 0 0===0
4 0 0 0===0
4 0 0 0===0
4 0 0 0===0
4 0 0 0===0
4 0 0 0===0
4 0 0 0===0
4 0 0 0===0
4 0 0 0===0
4 0 0 0===0
4 0 0 0===0
4 0 0 0===0
4 0 0 0===0
4 0 0 0===0
4 0 0 0===0
4 0 0 0===0
4 0 0 0===0
4 0 0 0===0
4 0 0 0===0
4 0 0 0===0
4 0 0 0===0
4 0 0 0===0
4 0 0 0===0
4 0 0 0===0
4 0 0 0===0
4 0 0 0===0
4 0 0 0===0
4 0 0 0===0
4 0 0 0===0
4 0 0 0===0
4 0 0 0===0
4 0 0 0===0
4 0 0 0===0
4 0 0 0===0
4 0 0 0===0
4 0 0 0===0
4 0 0 0===0
4 0 0 0===0
4 0 0 0===0
4 0 0 0===0
4 0 0 0===0
4 0 0 0===0
4 0 0 0===0
4 0 0 0===0
4 0 0 0===0
4 0 0 0===0
4 0 0 0===0
4 0 0 0===0
4 0 0 0===0
4 0 0 0===0
4 0 0 0===0
4 0 0 0===0
4 0 0 0===0
4 0 0 0===0
4 0 0 0===0
4 0 0 0===0
4 0 0 0===0
4 0 0 0===0
4 0 0 0===0
4 0 10 23===1
4 0 6 23===1
4 0 0 0===0
4 0 0 0===0
4 0 0 0===0
4 0 4 20===1
4 0 0 0===0
4 0 0 0===0
4 0 11 24===1
4 0 8 24===1
4 0 0 0===0
4 0 0 0===0
4 0 0 0===0
4 0 0 0===0
4 0 3 21===1
4 0 6 20===1
4 0 3 21===1
4 0 3 24===0
4 0 0 0===0
4 0 0 0===0
4 0 8 22===1
4 0 9 29===1
4 0 0 0===0
4 0 0 0===0
4 0 17 29===1
4 20 22 29===1
4 0 1 20===0
4 0 0 0===0
4 0 0 0===0
4 0 8 34===1
4 0 0 0===0
4 0 0 0===0
4 0 5 28===1
4 0 5 29===1
4 0 0 0===0
4 0 0 0===0
4 0 0 0===0
4 0 8 33===1
4 0 0 0===0
4 0 0 0===0
4 0 3 26===1
4 0 3 28===0
4 0 0 0===0
4 0 0 0===0
4 0 0 0===0
4 0 0 0===0
4 0 0 0===0
4 0 0 0===0
4 0 13 24===1
4 0 7 24===1
4 0 0 0===0
4 0 0 0===0
4 0 0 0===0
4 0 7 38===1
4 0 7 29===1
4 0 0 0===0
4 0 7 31===1
4 0 17 33===1
4 0 21 33===1
4 0 0 0===0
4 0 0 0===0
4 0 9 37===1
4 0 0 0===0
4 0 0 0===0
4 0 9 31===1
4 0 4 30===0
4 0 0 0===0
4 0 0 0===0
4 0 0 0===0
4 0 8 34===1
4 0 0 0===0
4 0 0 0===0
4 0 9 33===1
4 0 4 29===0
4 0 0 0===0
4 0 0 0===0
4 0 0 0===0
4 0 3 18===1
4 0 10 23===1
4 0 4 23===1
4 0 25 37===1
4 0 9 23===1
4 0 3 21===0
4 0 0 0===0
4 0 0 0===0
4 0 5 21===1
4 0 0 0===0
4 0 0 0===0
4 0 15 29===1
4 20 22 29===1
4 0 1 20===0
4 0 0 0===0
4 0 0 0===0
4 0 8 34===1
4 0 0 0===0
4 0 0 0===0
4 0 6 28===1
4 0 3 29===0
4 0 0 0===0
4 0 0 0===0
4 0 0 0===0
4 0 0 0===0
4 0 0 0===0
4 0 0 0===0
4 0 11 24===1
4 0 8 24===1
4 0 0 0===0
4 0 0 0===0
4 0 0 0===0
4 0 0 0===0
4 0 0 0===0
4 0 0 0===0
4 0 5 20===1
4 0 2 20===0
4 0 0 0===0
4 0 0 0===0
4 0 0 0===0
4 0 0 0===0
4 0 0 0===0
4 0 0 0===0
4 0 9 23===1
4 0 6 23===1
4 0 0 0===0
4 0 0 0===0
4 0 0 0===0
4 0 0 0===0
4 0 0 0===0
4 0 0 0===0
4 0 9 23===1
4 0 6 23===1
4 0 0 0===0
4 0 0 0===0
4 0 0 0===0
4 0 4 20===1
4 0 0 0===0
4 0 0 0===0
4 0 11 24===1
4 0 9 24===1
4 0 0 0===0
4 0 0 0===0
4 0 0 0===0
4 0 14 38===1
4 0 0 0===0
4 0 0 0===0
4 0 11 33===1
4 0 8 32===1
4 0 0 0===0
4 0 0 0===0
4 0 0 0===0
4 0 0 0===0
4 0 18 26===1
4 21 23 26===1
4 0 22 37===1
4 0 3 25===0
4 0 0 0===0
4 0 0 0===0
4 0 12 26===1
4 0 0 0===0
4 0 3 18===1
4 0 0 0===0
4 0 11 22===1
4 0 3 26===0
4 0 0 0===0
4 0 0 0===0
4 0 0 0===0
4 0 8 34===1
4 0 0 0===0
4 0 0 0===0
4 0 3 28===1
4 0 6 30===1
4 0 0 0===0
4 0 0 0===0
4 0 0 0===0
4 0 0 0===0
4 0 0 0===0
4 0 0 0===0
4 0 7 21===1
4 0 4 21===1
4 0 0 0===0
4 0 0 0===0
4 0 0 0===0
4 0 0 0===0
4 0 3 18===1
4 0 0 0===0
4 0 0 0===0
4 0 3 23===0
4 0 0 0===0
4 0 0 0===0
4 0 0 0===0
4 0 5 21===1
4 0 0 0===0
4 0 0 0===0
4 0 9 21===1
4 0 4 21===1
4 0 0 0===0
4 0 0 0===0
4 0 0 0===0
4 0 14 41===1
4 0 0 0===0
4 0 0 0===0
4 0 18 37===1
4 26 29 36===1
4 0 7 31===1
4 0 0 0===0
4 0 0 0===0
4 0 8 34===1
4 0 0 0===0
4 0 0 0===0
4 0 5 28===1
4 0 4 29===0
4 0 0 0===0
4 0 0 0===0
4 0 0 0===0
4 0 0 0===0
4 0 0 0===0
4 0 0 0===0
4 0 5 20===1
4 0 2 20===0
4 0 0 0===0
4 0 0 0===0
4 0 0 0===0
4 0 0 0===0
4 0 0 0===0
4 0 0 0===0
4 0 17 29===1
4 0 3 18===1
4 0 0 0===0
4 0 0 0===0
4 0 0 0===0
4 0 0 0===0
4 0 0 0===0
4 0 0 0===0
4 0 9 23===1
4 0 6 23===1
4 0 0 0===0
4 0 0 0===0
4 0 0 0===0
4 0 0 0===0
4 0 0 0===0
4 0 0 0===0
4 0 10 23===1
4 0 6 23===1
4 0 0 0===0
4 0 0 0===0
4 0 0 0===0
4 0 4 21===1
4 0 7 23===0
4 0 4 21===1
4 0 24 41===1
4 0 11 30===1
4 0 3 20===0
4 0 0 0===0
4 0 0 0===0
4 0 4 20===1
4 0 6 21===0
4 0 3 18===1
4 0 20 34===1
4 0 14 28===1
4 0 3 18===0
4 0 0 0===0
4 0 0 0===0
4 0 0 0===0
4 0 0 0===0
4 0 0 0===0
4 0 11 24===1
4 0 6 24===1
4 0 0 0===0
4 0 0 0===0
4 0 0 0===0
4 0 0 0===0
4 0 0 0===0
4 0 0 0===0
4 0 5 20===1
4 0 1 20===0
4 0 0 0===0
4 0 0 0===0
4 0 0 0===0
4 0 0 0===0
4 0 6 20===0
4 0 3 18===1
4 0 15 28===1
4 0 6 28===1
4 0 0 0===0
4 0 0 0===0
4 0 0 0===0
4 0 20 40===1
4 0 6 26===1
4 0 0 0===0
4 0 9 33===1
4 0 20 32===1
4 0 17 31===1
4 0 0 0===0
4 0 0 0===0
4 0 17 39===1
4 0 1 26===0
4 0 0 0===0
4 0 7 31===1
4 0 14 31===1
4 0 16 31===1
4 0 0 0===0
4 0 0 0===0
4 0 0 0===0
4 0 0 0===0
4 0 0 0===0
4 0 9 23===1
4 0 6 23===1
4 0 0 0===0
4 0 0 0===0
4 0 0 0===0
4 0 0 0===0
4 0 0 0===0
4 0 0 0===0
4 0 9 23===1
4 0 6 23===1
4 0 0 0===0
4 0 0 0===0
4 0 0 0===0
4 0 0 0===0
4 0 0 0===0
4 0 0 0===0
4 0 14 25===1
4 0 8 25===1
4 0 0 0===0
4 0 0 0===0
4 0 0 0===0
4 0 0 0===0
4 0 0 0===0
4 0 0 0===0
4 0 10 23===1
4 0 9 23===1
4 0 0 0===0
4 0 0 0===0
4 0 0 0===0
4 0 8 32===1
4 0 0 0===0
4 0 0 0===0
4 0 3 26===1
4 0 3 28===0
4 0 0 0===0
4 0 0 0===0
4 0 0 0===0
4 0 0 0===0
4 0 0 0===0
4 0 0 0===0
4 0 10 21===1
4 0 5 21===1
4 0 0 0===0
4 0 0 0===0
4 0 0 0===0
4 0 6 34===1
4 0 0 0===0
4 0 0 0===0
4 0 3 26===0
4 0 3 28===0
4 0 0 0===0
4 0 0 0===0
4 0 0 0===0
4 0 0 0===0
4 0 0 0===0
4 0 0 0===0
4 0 13 28===1
4 0 15 28===1
4 0 1 20===0
4 0 0 0===0
4 0 0 0===0
4 0 1 24===0
4 0 0 0===0
4 0 0 0===0
4 0 16 31===1
4 0 0 0===0
4 0 0 0===0
4 0 27 31===1
4 0 21 31===1
4 0 0 0===0
4 0 0 0===0
4 0 2 28===0
4 26 33 41===1
4 0 13 38===1
4 0 16 29===1
4 0 3 25===1
4 0 13 32===1
4 0 1 25===0
4 0 0 0===0
4 0 0 0===0
4 0 16 31===1
4 0 0 0===0
4 0 0 0===0
4 0 28 34===1
4 0 24 36===1
4 0 0 0===0
4 0 0 0===0
4 0 1 27===0
4 25 33 41===1
4 0 13 38===1
4 0 20 29===1
4 0 7 27===1
4 0 13 33===1
4 0 0 0===0
4 0 0 0===0
4 0 0 0===0
4 0 26 39===1
4 0 14 31===1
4 0 3 30===0
4 0 25 48===1
4 0 33 51===1
4 0 1 26===0
4 0 0 0===0
4 0 0 0===0
4 0 16 31===1
4 0 0 0===0
4 0 0 0===0
4 0 30 40===1
4 0 28 41===1
4 0 1 24===0
4 0 0 0===0
4 0 0 0===0
4 0 16 31===1
4 0 0 0===0
4 0 0 0===0
4 0 27 32===1
4 0 21 31===1
4 0 1 25===0
4 0 0 0===0
4 0 0 0===0
4 0 16 31===1
4 0 0 0===0
4 0 0 0===0
4 0 29 38===1
4 0 26 39===1
4 0 0 0===0
4 0 0 0===0
4 0 0 0===0
4 0 20 28===1
4 0 7 25===1
4 0 16 28===1
4 20 25 29===1
4 0 15 29===1
4 0 0 0===0
4 0 0 0===0
4 0 1 27===0
4 24 32 39===1
4 0 13 37===1
4 0 22 30===1
4 0 9 29===1
4 0 18 32===1
4 0 0 0===0
4 0 0 0===0
4 0 0 0===0
4 0 28 38===1
4 0 8 32===1
4 0 5 29===1
4 0 26 38===1
4 0 22 39===1
4 0 0 0===0
4 0 0 0===0
4 0 0 0===0
4 0 20 33===1
4 0 6 32===1
4 0 12 27===1
4 0 2 28===0
4 0 0 0===0
4 0 0 0===0
4 0 17 31===1
4 0 0 0===0
4 0 0 0===0
4 0 27 37===1
4 0 25 38===1
4 0 0 0===0
4 0 0 0===0
4 0 1 18===0
4 0 21 30===1
4 0 2 22===1
4 0 18 29===1
4 21 24 28===1
4 0 16 29===1
4 0 1 24===0
4 0 0 0===0
4 0 0 0===0
4 0 16 31===1
4 0 0 0===0
4 0 0 0===0
4 0 27 31===1
4 0 22 32===1
4 0 1 25===0
4 0 0 0===0
4 0 0 0===0
4 0 16 31===1
4 0 0 0===0
4 0 0 0===0
4 0 30 39===1
4 0 27 40===1
4 0 0 0===0
4 0 0 0===0
4 0 0 0===0
4 0 28 41===1
4 0 8 32===1
4 0 5 29===0
4 0 27 47===1
4 0 27 47===1
4 0 1 25===0
4 0 0 0===0
4 0 0 0===0
4 0 16 31===1
4 0 0 0===0
4 0 0 0===0
4 0 29 37===1
4 0 26 39===1
4 0 0 0===0
4 0 0 0===0
4 0 0 0===0
4 0 21 30===1
4 0 4 23===1
4 0 16 28===1
4 21 25 28===1
4 0 16 28===1
4 0 1 25===0
4 0 0 0===0
4 0 0 0===0
4 0 16 31===1
4 0 0 0===0
4 0 0 0===0
4 0 29 37===1
4 0 26 38===1
4 0 1 26===0
4 0 0 0===0
4 0 0 0===0
4 0 17 31===1
4 0 0 0===0
4 0 0 0===0
4 0 28 40===1
4 0 27 41===1
4 0 1 25===0
4 0 0 0===0
4 0 0 0===0
4 0 16 31===1
4 0 0 0===0
4 0 0 0===0
4 0 29 38===1
4 0 26 39===1
4 0 0 0===0
4 0 0 0===0
4 0 0 0===0
4 0 28 41===1
4 0 10 32===1
4 0 1 28===0
4 0 22 46===1
4 0 28 46===1
4 0 1 25===0
4 0 0 0===0
4 0 0 0===0
4 0 16 31===1
4 0 0 0===0
4 0 0 0===0
4 0 29 37===1
4 0 26 39===1
4 0 0 0===0
4 0 0 0===0
4 0 1 27===0
4 25 33 41===1
4 0 13 38===1
4 0 20 30===1
4 0 7 27===1
4 0 13 33===1
4 0 1 25===0
4 0 0 0===0
4 0 0 0===0
4 0 16 31===1
4 0 0 0===0
4 0 0 0===0
4 0 27 32===1
4 0 23 33===1
4 0 1 26===0
4 0 0 0===0
4 0 0 0===0
4 0 16 31===1
4 0 0 0===0
4 0 0 0===0
4 0 30 43===1
4 0 28 44===1
4 0 1 25===0
4 0 0 0===0
4 0 0 0===0
4 0 16 31===1
4 0 0 0===0
4 0 0 0===0
4 0 29 39===1
4 0 27 40===1
4 0 0 0===0
4 0 0 0===0
4 0 2 29===0
4 25 33 40===1
4 0 11 37===1
4 0 18 29===1
4 0 8 27===1
4 0 14 32===1
4 0 0 0===0
4 0 0 0===0
4 0 1 27===0
4 24 32 40===1
4 0 13 38===1
4 0 22 30===1
4 0 9 28===1
4 0 15 33===1
4 0 0 0===0
4 0 0 0===0
4 0 2 20===1
4 0 19 29===1
4 0 2 22===1
4 0 18 30===1
4 23 27 29===1
4 0 16 29===1
4 0 0 0===0
4 0 0 0===0
4 0 0 0===0
4 0 21 34===1
4 0 6 32===1
4 0 12 27===1
4 0 12 27===1
4 0 20 31===1
4 0 0 0===0
4 0 0 0===0
4 0 0 0===0
4 0 25 38===1
4 0 12 31===1
4 0 5 30===1
4 0 29 45===1
4 0 27 45===1
4 0 0 0===0
4 0 14 26===1
4 21 25 28===1
4 21 27 31===1
4 23 32 44===1
4 0 8 23===1
4 0 2 18===0
4 0 0 0===0
4 0 0 0===0
4 0 0 0===0
4 0 0 0===0
4 0 0 0===0
4 0 0 0===0
4 0 0 0===0
4 0 0 0===0
4 0 0 0===0
4 0 0 0===0
4 0 6 18===0
4 0 14 18===1
4 0 0 0===0
4 0 0 0===0
4 0 7 20===0
4 0 10 25===1
4 0 9 25===1
4 0 0 0===0
4 0 7 20===0
4 0 14 18===1
4 0 0 0===0
4 0 0 0===0
4 0 0 0===0
4 0 0 0===0
4 0 0 0===0
4 0 0 0===0
4 0 6 18===0
4 0 6 18===1
4 0 0 0===0
4 0 0 0===0
4 0 7 21===0
4 0 10 25===1
4 0 9 24===1
4 0 0 0===0
4 0 0 0===0
4 0 0 0===0
4 0 0 0===0
4 0 0 0===0
4 0 0 0===0
4 0 0 0===0
4 0 0 0===0
4 0 0 0===0
4 0 3 18===0
4 0 14 28===1
4 21 24 30===1
4 0 12 26===1
4 0 0 0===0
4 0 0 0===0
4 0 0 0===0
4 0 0 0===0
4 0 11 23===1
4 18 20 24===1
4 0 18 26===1
4 0 18 25===1
4 0 0 0===0
4 0 0 0===0
4 0 0 0===0
4 0 0 0===0
4 0 0 0===0
4 0 0 0===0
4 0 0 0===0
4 0 10 24===1
4 0 0 0===0
4 0 0 0===0
4 0 0 0===0
4 0 0 0===0
4 0 0 0===0
4 0 0 0===0
4 0 0 0===0
4 0 0 0===0
4 0 0 0===0
4 0 0 0===0
4 0 0 0===0
4 0 0 0===0
4 0 0 0===0
4 0 3 18===1
4 0 8 23===1
4 0 7 24===1
4 0 0 0===0
4 0 0 0===0
4 0 0 0===0
4 0 0 0===0
4 0 14 20===1
4 0 14 18===1
4 0 0 0===0
4 0 0 0===0
4 0 0 0===0
4 0 0 0===0
4 0 0 0===0
4 0 0 0===0
4 0 22 33===1
4 28 32 36===1
4 24 28 31===1
4 21 31 45===1
4 0 5 21===0
4 0 0 0===0
4 0 3 21===0
4 0 0 0===0
4 0 0 0===0
4 0 0 0===0
4 0 0 0===0
4 0 0 0===0
4 0 0 0===0
4 0 0 0===0
4 0 0 0===0
4 0 0 0===0
4 0 4 23===1
4 0 0 0===0
4 0 0 0===0
4 0 0 0===0
4 0 8 23===1
4 0 4 22===0
4 0 12 22===1
4 0 0 0===0
4 0 0 0===0
4 0 0 0===0
4 0 0 0===0
4 0 0 0===0
4 0 0 0===0
4 0 0 0===0
4 0 0 0===0
4 0 0 0===0
4 0 0 0===0
4 0 0 0===0
4 0 0 0===0
4 0 0 0===0
4 0 0 0===0
4 0 0 0===0
4 0 0 0===0
4 0 0 0===0
4 0 0 0===0
4 0 0 0===0
4 0 0 0===0
4 0 0 0===0
4 0 0 0===0
4 0 0 0===0
4 0 0 0===0
4 0 0 0===0
4 0 6 18===0
4 0 8 20===1
4 0 0 0===0
4 0 0 0===0
4 0 0 0===0
4 0 7 18===1
4 0 0 0===0
4 0 0 0===0
4 0 8 23===0
4 0 0 0===0
4 0 0 0===0
4 0 0 0===0
4 0 0 0===0
4 0 0 0===0
4 0 0 0===0
4 0 0 0===0
4 0 0 0===0
4 0 0 0===0
4 0 0 0===0
4 0 0 0===0
4 0 0 0===0
4 0 0 0===0
4 0 0 0===0
4 0 0 0===0
4 0 0 0===0
4 0 2 18===0
4 0 0 0===0
4 0 0 0===0
4 0 0 0===0
4 0 0 0===0
4 0 0 0===0
4 0 0 0===0
4 0 0 0===0
4 0 0 0===0
4 0 0 0===0
4 0 0 0===0
4 0 0 0===0
4 0 0 0===0
4 0 0 0===0
4 0 0 0===0
4 0 0 0===0
4 0 0 0===0
4 0 0 0===0
4 0 0 0===0
4 0 0 0===0
4 0 0 0===0
4 0 0 0===0
4 0 0 0===0
4 0 0 0===0
4 0 0 0===0
4 0 0 0===0
4 0 0 0===0
4 0 0 0===0
4 0 0 0===0
4 0 0 0===0
4 0 0 0===0
4 0 0 0===0
4 0 0 0===0
4 0 0 0===0
4 0 0 0===0
4 0 0 0===0
4 0 0 0===0
4 0 0 0===0
4 0 0 0===0
4 0 0 0===0
4 0 0 0===0
4 0 0 0===0
4 0 0 0===0
4 0 0 0===0
4 0 0 0===0
4 0 0 0===0
4 0 0 0===0
4 0 11 21===1
4 18 24 29===1
4 0 20 29===1
4 0 14 31===1
4 0 0 0===0
4 0 0 0===0
4 0 0 0===0
4 0 0 0===0
4 0 21 29===1
4 21 29 38===1
4 25 33 38===1
4 0 20 39===1
4 0 0 0===0
4 0 0 0===0
4 0 8 23===1
4 0 0 0===0
4 0 15 22===1
4 0 17 22===1
4 0 0 0===0
4 0 0 0===0
4 0 6 18===0
4 0 7 18===1
4 0 0 0===0
4 0 0 0===0
4 0 7 20===1
4 0 19 29===1
4 0 15 29===1
4 0 8 26===1
4 0 0 0===0
4 0 0 0===0
4 0 0 0===0
4 0 0 0===0
4 0 0 0===0
4 0 0 0===0
4 0 0 0===0
4 0 0 0===0
4 0 0 0===0
4 0 0 0===0
4 0 0 0===0
4 0 0 0===0
4 0 0 0===0
4 0 0 0===0
4 0 0 0===0
4 0 0 0===0
4 0 0 0===0
4 0 0 0===0
4 0 0 0===0
4 0 0 0===0
4 0 0 0===0
4 0 0 0===0
4 0 0 0===0
4 0 0 0===0
4 0 0 0===0
4 0 0 0===0
4 0 0 0===0
4 0 0 0===0
4 0 0 0===0
4 0 9 21===1
4 0 0 0===0
4 0 14 20===1
4 0 0 0===0
4 0 8 20===1
4 0 0 0===0
4 0 0 0===0
4 0 3 20===0
4 0 6 18===1
4 0 0 0===0
4 0 0 0===0
4 0 7 21===0
4 0 0 0===0
4 0 0 0===0
4 0 0 0===0
4 0 6 18===0
4 0 6 18===1
4 0 0 0===0
4 0 0 0===0
4 0 7 20===0
4 0 8 20===1
4 0 0 0===0
4 0 0 0===0
4 0 0 0===0
4 0 0 0===0
4 0 0 0===0
4 0 0 0===0
4 0 0 0===0
4 0 0 0===0
4 0 0 0===0
4 0 0 0===0
4 0 0 0===0
4 0 0 0===0
4 0 8 22===1
4 0 7 23===1
4 0 0 0===0
4 0 0 0===0
4 0 0 0===0
4 0 0 0===0
