10 0 0 3===0
10 3 3 6===0
10 0 0 3===0
10 3 3 6===0
10 0 5 10===0
10 10 12 20===0
10 0 0 3===0
10 3 5 11===0
10 1 1 11===0
10 9 10 11===0
10 0 10 17===0
10 17 24 35===1
10 15 26 100===1
10 26 81 100===1
10 0 0 2===0
10 2 2 5===0
10 0 0 1===0
10 1 2 6===0
10 0 5 6===0
10 5 6 10===0
10 12 16 62===0
10 17 50 62===1
10 0 0 4===0
10 4 4 6===0
10 0 0 2===0
10 2 3 6===0
10 0 5 6===0
10 5 7 15===0
10 13 20 72===1
10 16 58 72===1
10 0 0 3===0
10 3 5 11===0
10 1 1 11===0
10 11 11 12===0
10 0 10 21===0
10 20 27 39===1
10 24 29 100===1
10 14 78 100===1
10 0 0 1===0
10 1 2 5===0
10 0 0 1===0
10 1 2 6===0
10 0 5 6===0
10 5 5 8===0
10 9 13 62===0
10 25 52 62===1
10 0 0 3===0
10 3 3 6===0
10 0 0 4===0
10 4 4 6===0
10 0 5 11===0
10 11 13 22===0
10 16 23 85===1
10 12 66 85===1
10 0 0 4===0
10 4 4 6===0
10 0 0 3===0
10 3 3 6===0
10 0 5 11===0
10 11 14 23===0
10 15 22 86===1
10 13 67 86===1
10 0 0 2===0
10 2 3 6===0
10 0 0 2===0
10 2 3 6===0
10 0 5 6===0
10 5 6 9===0
10 8 17 62===1
10 21 51 62===1
10 0 0 3===0
10 3 5 11===0
10 1 1 11===0
10 9 10 11===0
10 0 10 19===0
10 19 26 38===1
10 18 28 100===1
10 18 79 100===1
10 0 0 0===0
10 0 0 0===0
10 3 6 10===0
10 10 12 18===0
10 6 12 13===0
10 11 15 20===1
10 17 18 35===1
10 16 40 63===1
10 0 0 3===0
10 3 5 11===0
10 1 1 11===0
10 11 11 11===0
10 0 10 20===0
10 20 27 39===1
10 23 29 100===1
10 14 78 100===1
10 0 0 0===0
10 0 0 0===0
10 0 0 0===0
10 0 0 0===0
10 0 0 0===0
10 0 0 0===0
10 0 6 18===0
10 18 31 46===1
10 0 0 0===0
10 0 0 0===0
10 0 0 0===0
10 0 0 0===0
10 0 0 0===0
10 0 0 0===0
10 0 7 27===0
10 24 34 50===1
10 0 0 1===0
10 1 2 5===0
10 0 0 1===0
10 1 2 6===0
10 0 5 6===0
10 5 5 8===0
10 3 14 62===0
10 31 54 62===1
10 0 0 3===0
10 3 3 6===0
10 0 0 4===0
10 4 4 6===0
10 0 6 11===0
10 11 14 24===0
10 16 24 86===1
10 12 67 86===1
10 0 0 0===0
10 0 0 0===0
10 3 6 10===0
10 10 12 18===0
10 7 12 13===0
10 11 15 19===1
10 17 18 35===1
10 16 40 62===1
10 0 0 3===0
10 3 5 11===0
10 1 1 11===0
10 11 11 13===0
10 0 11 29===0
10 20 32 45===1
10 28 33 100===1
10 14 78 100===1
10 0 0 3===0
10 3 3 6===0
10 0 0 4===0
10 4 4 6===0
10 0 5 11===0
10 11 14 25===0
10 16 27 86===1
10 12 67 86===1
10 0 0 3===0
10 3 5 11===0
10 1 1 11===0
10 8 10 11===0
10 0 10 16===0
10 16 23 32===1
10 13 23 100===1
10 26 81 100===1
10 0 0 4===0
10 4 4 6===0
10 0 0 2===0
10 2 3 6===0
10 0 5 6===0
10 5 9 21===0
10 15 22 84===1
10 17 67 84===1
10 0 0 4===0
10 4 4 6===0
10 0 0 3===0
10 3 3 6===0
10 0 5 11===0
10 11 14 25===0
10 16 25 86===1
10 13 67 86===1
10 0 0 3===0
10 3 5 11===0
10 1 1 11===0
10 10 10 11===0
10 0 10 20===0
10 20 27 39===1
10 22 28 100===1
10 16 79 100===1
10 0 0 3===0
10 3 3 6===0
10 0 0 3===0
10 3 3 6===0
10 0 5 11===0
10 11 13 21===0
10 15 22 85===1
10 13 67 85===1
10 0 0 0===0
10 0 0 0===0
10 2 6 10===0
10 10 11 17===0
10 8 11 12===0
10 10 14 19===1
10 16 21 32===1
10 16 41 68===1
10 0 0 3===0
10 3 3 6===0
10 0 0 3===0
10 3 3 6===0
10 0 5 10===0
10 10 12 21===0
10 15 22 85===1
10 13 67 85===1
10 0 0 3===0
10 3 3 6===0
10 0 0 4===0
10 4 4 6===0
10 0 6 11===0
10 11 14 24===0
10 16 25 86===1
10 12 67 86===1
10 0 0 3===0
10 3 5 11===0
10 1 1 11===0
10 10 10 11===0
10 0 10 20===0
10 20 26 37===1
10 0 0 3===0
10 3 3 6===0
10 0 0 5===0
10 5 6 9===0
10 0 8 13===0
10 13 17 32===0
10 20 30 89===1
10 11 69 89===1
10 0 0 4===0
10 4 4 6===0
10 0 0 2===0
10 2 3 6===0
10 0 5 7===0
10 7 10 21===0
10 15 22 85===1
10 15 67 85===1
10 0 0 3===0
10 3 5 11===0
10 1 1 11===0
10 10 10 11===0
10 0 10 20===0
10 20 26 38===1
10 23 28 100===1
10 18 79 100===1
10 0 0 2===0
10 2 2 5===0
10 0 0 2===0
10 2 3 6===0
10 0 5 6===0
10 5 6 10===0
10 12 19 62===1
10 17 50 62===1
10 0 0 0===0
10 0 0 0===0
10 3 6 10===0
10 10 12 19===0
10 6 12 13===0
10 11 15 21===1
10 17 18 36===1
10 15 40 62===1
10 0 0 2===0
10 2 2 5===0
10 0 0 2===0
10 2 3 6===0
10 0 5 6===0
10 6 7 10===0
10 11 18 62===1
10 17 50 62===1
10 0 0 4===0
10 4 4 6===0
10 0 0 3===0
10 3 3 6===0
10 0 5 10===0
10 10 13 22===0
10 15 22 85===1
10 13 67 85===1
10 0 0 3===0
10 3 5 11===0
10 1 1 11===0
10 11 11 13===0
10 0 11 26===0
10 20 31 45===1
10 27 32 100===1
10 14 78 100===1
10 0 0 3===0
10 3 3 6===0
10 0 0 8===0
10 8 9 14===0
10 0 10 14===0
10 14 17 28===0
10 21 30 84===1
10 10 65 84===1
10 0 0 1===0
10 1 2 5===0
10 0 0 1===0
10 1 2 6===0
10 0 5 6===0
10 5 5 8===0
10 9 13 62===0
10 26 53 62===1
10 0 0 4===0
10 4 4 6===0
10 0 0 2===0
10 2 3 6===0
10 0 5 6===0
10 5 7 15===0
10 13 20 70===1
10 16 56 70===1
10 0 0 0===0
10 0 0 0===0
10 0 0 0===0
10 0 0 0===0
10 0 0 0===0
10 0 0 0===0
10 0 6 27===0
10 26 35 50===1
10 0 0 3===0
10 3 3 6===0
10 0 0 3===0
10 3 3 6===0
10 0 5 10===0
10 10 12 20===0
10 15 22 85===1
10 14 67 85===1
10 0 0 1===0
10 1 2 5===0
10 0 0 0===0
10 0 1 6===0
10 0 5 6===0
10 5 5 7===0
10 3 12 62===0
10 30 54 62===1
10 0 0 2===0
10 2 2 5===0
10 0 0 2===0
10 2 3 6===0
10 0 5 6===0
10 6 7 11===0
10 12 20 62===1
10 17 50 62===1
10 0 0 0===0
10 0 0 0===0
10 3 6 10===0
10 10 12 20===0
10 6 12 13===0
10 12 16 22===1
10 17 18 36===1
10 14 39 61===1
10 0 0 4===0
10 4 4 6===0
10 0 0 2===0
10 2 3 6===0
10 0 5 6===0
10 5 7 15===0
10 13 21 74===1
10 16 59 74===1
10 0 0 0===0
10 0 0 0===0
10 3 6 10===0
10 10 12 20===0
10 6 12 13===0
10 12 16 22===1
10 17 18 37===1
10 14 40 62===1
10 0 0 3===0
10 3 5 11===0
10 1 1 11===0
10 8 10 11===0
10 0 10 17===0
10 17 24 34===1
10 17 26 100===1
10 26 81 100===1
10 0 0 2===0
10 2 3 6===0
10 0 0 4===0
10 4 5 8===0
10 0 5 10===0
10 10 10 13===0
10 13 21 62===1
10 17 50 62===1
10 0 0 1===0
10 1 2 5===0
10 0 0 0===0
10 0 1 6===0
10 0 5 6===0
10 5 5 8===0
10 3 12 62===0
10 30 54 62===1
10 0 0 3===0
10 3 3 6===0
10 0 0 2===0
10 2 3 6===0
10 0 5 6===0
10 5 7 14===0
10 14 21 68===1
10 16 55 68===1
10 0 0 4===0
10 4 4 6===0
10 0 0 2===0
10 2 3 6===0
10 0 5 6===0
10 5 7 16===0
10 14 21 74===1
10 17 59 74===1
10 0 0 0===0
10 0 0 0===0
10 3 6 10===0
10 10 12 20===0
10 7 12 13===0
10 12 16 22===1
10 16 17 36===1
10 14 40 62===1
10 0 0 2===0
10 2 3 6===0
10 0 0 2===0
10 2 3 6===0
10 0 5 6===0
10 4 5 10===0
10 8 17 62===0
10 24 52 62===1
10 0 0 4===0
10 4 4 6===0
10 0 0 3===0
10 3 3 6===0
10 0 5 8===0
10 8 11 22===0
10 15 22 86===1
10 14 68 86===1
10 0 0 3===0
10 3 3 6===0
10 0 0 8===0
10 8 9 12===0
10 0 9 13===0
10 13 16 27===0
10 21 30 84===1
10 10 65 84===1
10 0 0 2===0
10 2 2 5===0
10 0 0 1===0
10 1 2 6===0
10 0 5 6===0
10 5 6 9===0
10 9 14 62===0
10 20 51 62===1
10 0 0 4===0
10 4 4 6===0
10 0 0 3===0
10 3 3 6===0
10 0 5 10===0
10 10 13 22===0
10 15 22 85===1
10 13 67 85===1
10 0 0 0===0
10 0 0 0===0
10 0 0 0===0
10 0 0 0===0
10 0 0 0===0
10 0 0 0===0
10 0 0 0===0
10 0 0 0===0
10 0 0 0===0
10 0 0 0===0
10 0 0 0===0
10 0 0 0===0
10 0 0 0===0
10 0 0 0===0
10 0 0 0===0
10 0 0 0===0
10 59 80 84===1
10 28 42 59===1
10 22 27 38===1
10 38 43 55===1
10 38 68 77===1
10 6 22 38===1
10 0 2 5===0
10 0 1 6===0
10 54 76 81===1
10 22 37 54===1
10 13 20 37===1
10 37 42 54===1
10 21 57 65===1
10 3 12 21===1
10 0 0 0===0
10 0 0 2===0
10 43 66 76===1
10 16 29 43===1
10 16 22 49===1
10 32 46 56===1
10 15 37 46===1
10 7 9 15===1
10 0 1 2===0
10 2 2 5===0
10 59 78 83===1
10 25 42 59===1
10 15 20 25===1
10 25 31 45===1
10 32 49 56===1
10 2 18 32===1
10 0 0 2===0
10 0 0 0===0
10 58 79 84===1
10 26 44 58===1
10 12 18 24===1
10 12 16 27===1
10 26 52 73===1
10 6 23 52===1
10 0 0 0===0
10 0 0 0===0
10 57 76 82===1
10 28 44 57===1
10 11 17 24===1
10 11 15 26===1
10 24 54 77===1
10 6 24 57===1
10 0 0 0===0
10 0 0 0===0
10 59 78 82===1
10 24 40 59===1
10 16 22 36===1
10 36 41 53===1
10 27 59 67===1
10 2 15 27===1
10 0 0 0===0
10 0 0 1===0
10 66 76 90===1
10 25 54 69===1
10 5 20 30===1
10 5 7 14===0
10 13 36 61===1
10 7 31 61===1
10 0 0 0===0
10 0 0 0===0
10 62 81 86===1
10 25 46 62===1
10 10 17 23===1
10 10 14 24===1
10 23 50 70===1
10 6 23 53===1
10 0 0 0===0
10 0 0 0===0
10 56 79 83===1
10 25 41 56===1
10 14 18 21===1
10 21 25 36===1
10 33 51 66===1
10 5 20 33===1
10 0 0 0===0
10 0 0 0===0
10 85 91 94===1
10 38 70 85===1
10 38 41 64===1
10 64 71 78===1
10 48 82 91===1
10 21 36 48===1
10 7 13 19===1
10 7 7 7===0
10 61 80 85===1
10 31 47 61===1
10 19 23 26===1
10 26 34 52===1
10 40 58 70===1
10 2 21 40===1
10 0 3 8===0
10 0 0 2===0
10 58 79 84===1
10 26 44 58===1
10 11 17 23===1
10 11 15 26===1
10 23 51 72===1
10 6 23 52===1
10 0 0 0===0
10 0 0 0===0
10 22 48 60===1
10 12 15 22===1
10 8 11 22===1
10 22 22 23===1
10 6 21 26===1
10 3 4 6===0
10 0 0 0===0
10 0 0 0===0
10 59 79 83===1
10 28 42 59===1
10 22 27 41===1
10 41 45 56===1
10 30 66 74===1
10 8 19 30===1
10 0 4 11===1
10 0 1 6===0
10 59 78 82===1
10 24 40 59===1
10 18 23 37===1
10 37 42 53===1
10 29 61 69===1
10 2 16 29===1
10 0 0 0===0
10 0 0 2===0
10 55 78 82===1
10 22 37 55===1
10 14 21 40===1
10 40 44 55===1
10 21 60 68===1
10 3 12 21===1
10 0 0 0===0
10 0 0 3===0
10 54 75 80===1
10 21 36 54===1
10 13 19 36===1
10 36 41 52===1
10 19 55 63===1
10 2 11 19===1
10 0 0 0===0
10 0 0 2===0
10 63 80 85===1
10 27 48 63===1
10 8 16 23===1
10 8 12 23===0
10 23 51 70===1
10 6 24 57===1
10 0 0 0===0
10 0 0 0===0
10 49 73 79===1
10 22 39 49===1
10 22 27 52===1
10 46 53 61===1
10 27 51 60===1
10 9 18 27===1
10 2 2 4===0
10 4 4 4===0
10 32 62 73===1
10 19 24 32===1
10 14 20 45===1
10 28 41 50===1
10 14 35 40===1
10 7 11 14===0
10 0 0 2===0
10 2 2 5===0
10 59 80 85===1
10 25 44 59===1
10 14 17 22===1
10 14 18 29===1
10 25 48 67===1
10 6 21 43===1
10 0 0 0===0
10 0 0 0===0
10 58 78 82===1
10 24 40 58===1
10 17 22 37===1
10 37 42 54===1
10 25 60 68===1
10 2 14 25===1
10 0 0 0===0
10 0 0 1===0
10 39 66 77===1
10 16 27 39===1
10 16 21 48===1
10 28 44 54===1
10 13 34 40===1
10 7 9 13===0
10 0 1 2===0
10 2 2 5===0
10 56 80 84===1
10 30 41 56===1
10 25 29 43===1
10 43 47 56===1
10 29 59 65===1
10 10 19 29===1
10 0 5 10===1
10 0 1 5===0
10 70 85 89===1
10 24 53 70===1
10 7 16 23===1
10 7 11 21===0
10 14 43 65===1
10 6 23 55===1
10 0 0 0===0
10 0 0 0===0
10 59 78 83===1
10 28 46 59===1
10 12 18 24===1
10 12 17 28===1
10 26 54 77===1
10 6 24 54===1
10 0 0 0===0
10 0 0 0===0
10 56 78 82===1
10 24 39 56===1
10 15 22 39===1
10 39 43 54===1
10 21 60 68===1
10 3 12 21===1
10 0 0 2===0
10 0 0 2===0
10 75 87 90===1
10 38 62 75===1
10 38 39 50===1
10 50 57 65===1
10 50 79 86===1
10 18 34 50===1
10 4 10 16===1
10 4 4 5===0
10 55 78 83===1
10 22 37 55===1
10 14 21 41===1
10 41 45 54===1
10 22 60 67===1
10 3 13 22===1
10 0 0 1===0
10 0 0 3===0
10 55 76 81===1
10 22 37 55===1
10 14 20 37===1
10 37 42 55===1
10 20 58 65===1
10 2 11 20===1
10 0 0 0===0
10 0 0 1===0
10 65 80 84===1
10 31 53 65===1
10 31 35 60===1
10 60 66 71===1
10 33 71 83===1
10 9 23 33===1
10 5 6 7===0
10 7 7 7===0
10 65 80 85===1
10 31 53 65===1
10 31 35 59===1
10 59 65 70===1
10 34 71 83===1
10 9 23 34===1
10 5 6 7===0
10 7 7 7===0
10 15 36 51===1
10 9 11 15===1
10 8 11 22===1
10 21 21 22===1
10 5 19 23===1
10 2 3 5===0
10 0 0 0===0
10 0 0 0===0
10 58 79 83===1
10 25 40 58===1
10 15 22 40===1
10 40 44 54===1
10 22 61 70===1
10 3 13 22===1
10 0 6 15===1
10 0 0 3===0
10 70 77 80===1
10 33 57 70===1
10 33 36 54===1
10 54 58 60===1
10 36 67 74===1
10 16 27 36===1
10 5 9 14===1
10 4 4 5===0
10 72 84 91===1
10 27 57 72===1
10 6 19 27===1
10 6 10 19===0
10 12 39 62===1
10 7 23 49===1
10 0 0 2===0
10 0 0 0===0
10 68 78 87===1
10 27 55 68===1
10 5 18 27===1
10 5 8 16===0
10 10 38 61===1
10 7 25 52===1
10 0 0 0===0
10 0 0 0===0
10 55 78 82===1
10 22 37 55===1
10 14 21 40===1
10 40 44 55===1
10 22 60 68===1
10 4 13 22===1
10 0 0 0===0
10 0 0 3===0
10 53 78 83===1
10 23 37 53===1
10 14 21 41===1
10 41 45 55===1
10 23 59 67===1
10 5 14 23===1
10 0 0 0===0
10 0 1 4===0
10 58 77 81===1
10 24 40 58===1
10 15 21 34===1
10 34 39 51===1
10 28 58 65===1
10 2 15 28===1
10 0 0 0===0
10 0 0 1===0
10 52 76 81===1
10 22 36 52===1
10 14 21 40===1
10 40 44 54===1
10 21 57 64===1
10 3 12 21===1
10 0 0 0===0
10 0 0 2===0
10 56 76 83===1
10 32 45 56===1
10 10 19 26===1
10 10 14 23===1
10 24 54 76===1
10 6 26 61===1
10 0 0 0===0
10 0 0 0===0
10 56 77 82===1
10 23 38 56===1
10 14 21 38===1
10 38 43 55===1
10 23 60 67===1
10 3 13 23===1
10 0 0 0===0
10 0 0 2===0
10 57 78 83===1
10 26 43 57===1
10 11 17 24===1
10 11 15 25===1
10 23 51 71===1
10 6 23 53===1
10 0 0 0===0
10 0 0 0===0
10 19 40 54===1
10 11 13 19===1
10 8 11 22===1
10 21 21 22===1
10 3 18 22===1
10 1 2 3===0
10 0 0 0===0
10 0 0 0===0
10 3 5 10===0
10 8 9 11===0
10 4 8 21===0
10 21 41 62===1
10 12 26 74===1
10 31 53 85===1
10 42 84 90===1
10 4 16 42===1
10 10 16 24===1
10 13 14 16===0
10 9 16 90===0
10 13 62 90===1
10 13 14 29===0
10 20 42 83===1
10 23 92 100===1
10 2 32 66===1
10 3 7 11===0
10 9 10 11===0
10 6 8 18===0
10 18 41 61===1
10 16 30 72===1
10 24 49 85===1
10 47 84 90===1
10 4 19 51===1
10 10 15 23===1
10 13 13 16===0
10 9 15 90===0
10 13 62 90===1
10 13 15 34===0
10 20 42 84===1
10 23 92 100===1
10 2 31 65===1
10 4 12 13===0
10 13 13 13===0
10 2 4 38===0
10 38 47 74===1
10 33 78 83===1
10 66 71 88===1
10 74 96 99===1
10 4 39 89===1
10 3 9 12===0
10 9 10 11===0
10 6 8 15===0
10 15 41 60===1
10 20 36 67===1
10 20 44 85===1
10 39 84 90===1
10 4 24 62===1
10 2 3 9===0
10 7 8 10===0
10 2 7 15===0
10 15 37 55===1
10 19 34 65===1
10 41 59 85===1
10 43 84 90===1
10 4 16 43===1
10 4 9 12===0
10 9 10 11===0
10 6 8 19===0
10 19 45 69===1
10 14 28 75===1
10 17 43 85===1
10 40 84 90===1
10 4 22 57===1
10 0 0 0===0
10 0 0 0===0
10 0 10 45===0
10 39 53 71===1
10 25 34 50===1
10 41 59 84===1
10 34 79 93===1
10 5 19 34===1
10 10 15 22===1
10 12 13 16===0
10 9 15 90===0
10 13 62 90===1
10 13 16 55===0
10 20 47 86===1
10 28 92 100===1
10 2 29 61===1
10 1 6 11===0
10 11 11 14===0
10 1 4 45===0
10 45 52 74===1
10 41 72 80===1
10 80 83 92===1
10 72 94 98===1
10 4 35 80===1
10 8 11 13===0
10 9 11 16===0
10 1 16 90===0
10 13 56 90===1
10 13 15 43===0
10 20 52 87===1
10 7 14 18===1
10 12 13 14===0
10 9 12 36===0
10 32 50 78===1
10 8 15 81===0
10 9 34 85===1
10 35 84 90===1
10 4 29 63===1
10 0 0 10===0
10 10 10 10===0
10 0 18 54===1
10 21 52 71===1
10 11 20 45===1
10 43 62 86===1
10 24 81 98===1
10 4 15 24===1
10 4 7 11===0
10 9 10 12===0
10 6 9 23===0
10 23 44 69===1
10 11 23 77===1
10 24 49 85===1
10 44 84 90===1
10 4 17 44===1
10 3 8 11===0
10 9 10 11===0
10 6 8 15===0
10 15 41 60===1
10 21 35 68===1
10 21 46 85===1
10 41 84 90===1
10 4 23 60===1
10 4 11 12===0
10 12 12 14===0
10 2 5 52===0
10 52 57 73===1
10 46 68 71===1
10 63 70 91===1
10 64 96 100===1
10 4 38 87===1
10 3 7 11===0
10 9 10 11===0
10 6 8 16===0
10 16 41 60===1
10 20 34 70===1
10 23 47 85===1
10 43 84 90===1
10 4 21 56===1
10 0 0 10===0
10 10 10 10===0
10 0 14 50===1
10 30 52 71===1
10 14 24 46===1
10 42 60 85===1
10 26 79 96===1
10 5 16 26===1
10 3 8 11===0
10 9 10 11===0
10 6 8 18===0
10 18 43 64===1
10 17 31 72===1
10 21 46 85===1
10 43 84 90===1
10 4 21 55===1
10 6 14 19===1
10 12 12 14===0
10 7 10 22===0
10 22 47 76===1
10 9 19 80===1
10 10 34 85===1
10 32 84 90===1
10 4 32 73===1
10 3 8 11===0
10 9 10 11===0
10 6 8 16===0
10 16 41 60===1
10 20 33 69===1
10 22 46 85===1
10 42 84 90===1
10 4 22 57===1
10 5 12 13===0
10 13 13 14===0
10 3 6 52===0
10 52 57 72===1
10 45 68 71===1
10 58 66 90===1
10 64 96 100===1
10 4 39 89===1
10 1 5 10===0
10 8 9 10===0
10 4 7 14===0
10 14 39 57===1
10 29 41 59===1
10 33 53 85===1
10 47 84 90===1
10 4 22 57===1
10 10 15 23===1
10 13 13 16===0
10 9 15 90===0
10 13 62 90===1
10 13 15 42===0
10 20 43 85===1
10 24 92 100===1
10 2 31 65===1
10 5 10 13===0
10 9 10 13===0
10 8 11 27===0
10 27 47 76===1
10 8 17 79===1
10 15 42 85===1
10 43 83 90===1
10 4 20 49===1
10 3 10 13===0
10 10 10 12===0
10 5 7 14===0
10 14 41 58===1
10 18 37 65===1
10 18 42 85===1
10 36 84 90===1
10 4 26 69===1
10 3 8 11===0
10 9 10 11===0
10 6 8 16===0
10 16 42 61===1
10 20 34 69===1
10 21 46 85===1
10 42 84 90===1
10 4 22 58===1
10 10 15 22===1
10 12 13 16===0
10 9 16 90===0
10 13 52 90===1
10 13 14 30===0
10 20 46 84===1
10 28 92 100===1
10 2 29 61===1
10 10 15 22===1
10 12 13 16===0
10 9 15 90===0
10 13 62 90===1
10 13 16 50===0
10 20 45 85===1
10 26 92 100===1
10 2 30 63===1
10 0 0 10===0
10 10 10 10===0
10 0 20 56===1
10 18 52 71===1
10 11 17 44===1
10 44 62 86===1
10 24 81 98===1
10 4 15 24===1
10 8 11 13===0
10 9 11 16===0
10 2 16 90===0
10 13 58 90===1
10 13 16 48===0
10 20 52 87===1
10 44 92 100===1
10 2 21 44===1
10 1 6 11===0
10 11 11 11===0
10 1 3 38===0
10 38 46 73===1
10 31 76 80===1
10 75 78 88===1
10 80 92 94===1
10 4 37 84===1
10 8 28 38===1
10 8 8 8===0
10 18 32 47===1
10 23 38 47===1
10 6 18 25===1
10 6 6 6===0
10 6 6 6===0
10 6 6 6===0
10 24 48 55===1
10 8 20 30===1
10 24 51 67===1
10 14 47 67===1
10 7 13 15===1
10 5 6 7===0
10 0 5 12===0
10 12 17 24===0
10 11 15 32===0
10 32 50 80===1
10 61 86 94===1
10 12 42 61===1
10 16 17 25===1
10 25 41 69===1
10 79 90 94===1
10 67 74 79===1
10 12 15 28===0
10 28 47 81===1
10 59 86 94===1
10 13 41 59===1
10 10 12 20===0
10 20 38 68===1
10 78 89 93===1
10 69 74 78===1
10 10 14 29===0
10 29 47 77===1
10 56 83 91===1
10 9 38 56===1
10 11 13 24===0
10 24 40 67===1
10 76 88 92===1
10 65 71 76===1
10 31 49 55===1
10 8 16 31===1
10 17 48 68===1
10 20 50 68===1
10 8 18 21===1
10 5 6 8===0
10 0 4 10===0
10 10 15 23===0
10 31 48 57===1
10 11 16 31===1
10 14 39 60===1
10 29 48 60===1
10 8 20 29===1
10 8 8 8===0
10 8 8 8===0
10 8 11 18===0
10 36 55 62===1
10 12 18 36===1
10 16 30 56===1
10 31 46 56===1
10 11 22 31===1
10 11 11 11===0
10 11 11 11===0
10 11 14 21===0
10 30 49 55===1
10 8 16 30===1
10 18 49 68===1
10 20 50 68===1
10 9 18 21===1
10 6 7 9===0
10 0 4 10===0
10 10 17 27===0
10 12 15 29===0
10 29 49 83===1
10 69 91 98===1
10 19 50 69===1
10 18 19 20===1
10 18 36 67===1
10 77 87 90===1
10 70 74 77===1
10 29 46 55===1
10 9 14 29===1
10 13 36 58===1
10 28 46 58===1
10 7 19 28===1
10 7 7 7===0
10 7 7 7===0
10 7 10 17===0
10 11 14 26===0
10 26 46 81===1
10 58 86 94===1
10 14 41 58===1
10 5 8 19===0
10 19 37 67===1
10 77 88 91===1
10 70 74 77===1
10 11 29 39===1
10 8 8 11===0
10 17 33 44===1
10 20 35 44===1
10 2 15 21===1
10 2 2 2===0
10 2 2 2===0
10 2 2 2===0
10 32 50 55===1
10 8 16 32===1
10 18 48 66===1
10 20 48 66===1
10 8 18 21===1
10 5 6 8===0
10 0 4 10===0
10 10 15 23===0
10 8 15 44===0
10 44 76 89===1
10 72 93 99===1
10 39 59 72===1
10 36 46 84===1
10 84 86 90===1
10 92 98 100===1
10 62 80 92===1
10 12 20 23===1
10 7 28 61===0
10 66 74 82===1
10 14 46 66===1
10 8 13 15===1
10 8 9 12===0
10 12 20 44===1
10 36 41 44===1
10 32 50 56===1
10 8 16 32===1
10 15 44 65===1
10 14 45 65===1
10 5 12 15===1
10 3 4 5===0
10 0 3 8===0
10 8 13 20===0
10 7 18 22===1
10 7 33 77===0
10 72 75 86===1
10 61 76 86===1
10 6 24 30===1
10 6 7 9===0
10 7 14 43===0
10 43 44 46===1
10 12 15 29===0
10 29 48 81===1
10 62 87 94===1
10 13 43 62===1
10 16 17 21===1
10 21 38 68===1
10 77 89 93===1
10 68 73 77===1
10 12 18 20===1
10 6 28 62===0
10 67 79 86===1
10 14 47 67===1
10 9 13 15===1
10 9 10 12===0
10 13 23 47===1
10 39 44 47===1
10 13 14 19===0
10 19 47 95===1
10 69 91 98===1
10 22 51 69===1
10 7 13 15===1
10 7 12 21===0
10 51 52 60===1
10 60 62 66===1
10 12 16 31===0
10 31 49 79===1
10 57 74 79===1
10 22 43 57===1
10 7 8 15===0
10 15 38 77===1
10 80 93 97===1
10 77 78 80===1
10 6 7 13===0
10 13 39 84===0
10 81 82 88===1
10 22 63 88===1
10 6 13 15===1
10 6 9 15===0
10 24 28 46===1
10 46 46 46===1
10 32 50 56===1
10 8 16 32===1
10 16 45 65===1
10 20 48 65===1
10 7 18 21===1
10 5 6 7===0
10 0 4 10===0
10 10 14 21===0
10 32 50 55===1
10 9 16 32===1
10 18 46 64===1
10 20 47 64===1
10 8 18 21===1
10 5 6 8===0
10 0 4 10===0
10 10 15 22===0
10 7 12 14===0
10 7 33 77===0
10 73 75 85===1
10 56 74 85===1
10 8 22 26===1
10 8 8 10===0
10 10 17 44===0
10 42 43 44===1
10 32 50 55===1
10 8 16 32===1
10 17 46 65===1
10 20 48 65===1
10 7 18 21===1
10 5 6 7===0
10 0 4 10===0
10 10 14 21===0
10 28 43 51===1
10 10 14 28===1
10 14 32 58===1
10 32 48 58===1
10 9 24 33===1
10 9 9 9===0
10 9 9 9===0
10 9 12 19===0
10 11 35 47===1
10 5 8 11===0
10 11 25 40===1
10 21 32 40===1
10 3 17 22===1
10 3 4 7===0
10 0 0 2===0
10 2 2 4===0
10 12 15 29===0
10 29 48 82===1
10 58 87 95===1
10 14 41 58===1
10 5 8 21===0
10 21 39 69===1
10 79 90 94===1
10 71 76 79===1
10 29 44 51===1
10 10 14 29===1
10 13 32 59===1
10 31 48 59===1
10 9 22 31===1
10 9 9 9===0
10 9 9 9===0
10 9 12 19===0
10 32 50 56===1
10 8 16 32===1
10 15 45 67===1
10 14 47 67===1
10 6 13 15===1
10 4 5 6===0
10 0 4 10===0
10 10 14 21===0
10 32 50 56===1
10 8 16 32===1
10 15 45 66===1
10 14 46 66===1
10 6 13 15===1
10 4 5 6===0
10 0 3 10===0
10 10 14 21===0
10 32 50 56===1
10 8 16 32===1
10 15 44 66===1
10 14 46 66===1
10 5 12 15===1
10 3 4 5===0
10 0 3 10===0
10 10 14 20===0
10 11 15 32===0
10 32 50 80===1
10 63 88 95===1
10 14 44 63===1
10 17 18 23===1
10 23 39 68===1
10 77 88 92===1
10 66 72 77===1
10 10 16 40===0
10 40 55 82===1
10 50 75 82===1
10 16 37 50===1
10 4 7 19===0
10 19 40 76===1
10 77 94 99===1
10 68 73 77===1
10 10 14 29===0
10 29 47 78===1
10 57 83 91===1
10 9 39 57===1
10 11 13 23===0
10 23 39 67===1
10 76 88 92===1
10 65 71 76===1
10 28 49 55===1
10 8 16 28===1
10 17 49 69===1
10 14 48 69===1
10 8 13 15===1
10 5 6 8===0
10 0 4 11===0
10 11 17 26===0
10 29 44 52===1
10 11 15 29===1
10 16 39 64===1
10 31 51 64===1
10 9 22 31===1
10 9 9 9===0
10 9 9 9===0
10 9 12 19===0
10 23 40 56===1
