0 45 50 62===1
0 44 58 68===1
0 46 53 65===1
0 45 62 73===1
0 51 57 68===1
0 51 64 75===1
0 45 51 62===1
0 45 56 65===1
0 48 52 62===1
0 48 59 68===1
0 47 54 67===1
0 47 61 70===1
0 53 57 66===1
0 52 61 70===1
0 41 45 60===1
0 41 56 68===1
0 43 48 65===1
0 45 60 71===1
0 49 54 68===1
0 49 63 74===1
0 54 59 67===1
0 54 62 69===1
0 40 45 60===1
0 39 55 66===1
0 43 48 66===1
0 42 58 71===1
0 48 53 67===1
0 48 62 73===1
0 55 58 66===1
0 55 62 69===1
0 45 51 65===1
0 45 58 68===1
0 46 51 63===1
0 46 60 70===1
0 51 57 68===1
0 51 63 71===1
0 55 59 67===1
0 51 60 68===1
0 43 48 61===1
0 43 57 68===1
0 47 51 64===1
0 48 60 71===1
0 50 54 67===1
0 50 63 75===1
0 54 59 67===1
0 54 62 70===1
0 46 51 63===1
0 45 58 68===1
0 47 54 65===1
0 46 62 73===1
0 52 58 69===1
0 52 64 74===1
0 57 60 67===1
0 56 62 69===1
0 47 51 62===1
0 47 58 68===1
0 48 54 65===1
0 47 62 73===1
0 52 58 69===1
0 52 64 74===1
0 56 59 66===1
0 56 62 69===1
0 40 47 62===1
0 39 57 71===1
0 43 49 68===1
0 43 60 72===1
0 47 54 68===1
0 47 64 77===1
0 56 61 69===1
0 56 65 72===1
0 45 52 66===1
0 45 59 69===1
0 47 53 65===1
0 47 61 72===1
0 50 57 70===1
0 50 64 73===1
0 56 59 68===1
0 53 61 69===1
0 48 53 63===1
0 48 61 69===1
0 52 54 64===1
0 52 62 67===1
0 56 60 66===1
0 56 65 71===1
0 60 63 68===1
0 55 62 68===1
0 44 51 65===1
0 44 58 68===1
0 46 51 63===1
0 46 60 70===1
0 51 57 69===1
0 51 63 71===1
0 56 60 67===1
0 52 61 69===1
0 43 49 62===1
0 43 60 72===1
0 45 52 66===1
0 45 63 75===1
0 50 55 67===1
0 50 66 75===1
0 56 58 68===1
0 56 66 74===1
0 38 47 62===1
0 38 59 72===1
0 42 50 65===1
0 42 62 75===1
0 49 54 66===1
0 49 66 75===1
0 56 58 68===1
0 56 65 73===1
0 38 45 61===1
0 38 57 71===1
0 42 48 68===1
0 42 60 74===1
0 44 51 68===1
0 44 64 76===1
0 55 62 70===1
0 55 66 74===1
0 46 51 62===1
0 46 58 68===1
0 48 54 65===1
0 47 62 73===1
0 52 58 69===1
0 52 64 74===1
0 57 59 66===1
0 55 62 69===1
0 45 50 62===1
0 45 60 69===1
0 52 55 65===1
0 52 62 68===1
0 56 60 67===1
0 56 65 71===1
0 60 63 67===1
0 55 62 68===1
0 46 52 64===1
0 46 58 67===1
0 47 52 63===1
0 47 60 71===1
0 54 59 69===1
0 54 64 71===1
0 56 60 68===1
0 51 60 68===1
0 47 51 63===1
0 47 58 68===1
0 48 54 65===1
0 47 62 73===1
0 52 59 69===1
0 52 64 74===1
0 57 59 66===1
0 55 61 68===1
0 43 49 60===1
0 43 55 64===1
0 45 50 60===1
0 45 57 66===1
0 44 51 64===1
0 44 58 67===1
0 50 54 63===1
0 50 57 66===1
0 39 45 59===1
0 38 54 66===1
0 42 47 64===1
0 41 57 69===1
0 46 53 66===1
0 46 60 72===1
0 55 58 65===1
0 54 60 67===1
0 47 51 62===1
0 47 58 68===1
0 48 54 65===1
0 47 62 72===1
0 52 59 69===1
0 52 64 74===1
0 57 59 66===1
0 55 62 69===1
0 44 51 65===1
0 44 58 68===1
0 46 51 63===1
0 46 60 70===1
0 51 57 69===1
0 51 63 71===1
0 56 60 67===1
0 52 61 69===1
0 46 51 63===1
0 45 58 68===1
0 47 54 66===1
0 46 62 73===1
0 52 58 68===1
0 52 64 75===1
0 57 60 67===1
0 56 62 69===1
0 46 51 66===1
0 46 61 72===1
0 46 52 68===1
0 46 62 72===1
0 52 56 67===1
0 52 66 75===1
0 56 60 67===1
0 55 63 71===1
0 46 50 62===1
0 45 58 68===1
0 47 54 65===1
0 46 62 73===1
0 52 58 68===1
0 52 64 74===1
0 57 60 67===1
0 56 62 69===1
0 46 51 63===1
0 46 58 68===1
0 47 54 65===1
0 46 62 73===1
0 52 58 69===1
0 52 64 74===1
0 57 59 66===1
0 55 62 69===1
0 44 51 64===1
0 44 58 68===1
0 46 52 62===1
0 46 60 70===1
0 50 56 69===1
0 50 63 71===1
0 45 51 63===1
0 44 58 68===1
0 47 53 65===1
0 45 61 72===1
0 52 60 70===1
0 52 65 73===1
0 58 59 65===1
0 53 60 66===1
0 45 49 61===1
0 45 57 68===1
0 47 52 64===1
0 46 61 73===1
0 52 57 68===1
0 52 63 73===1
0 56 59 66===1
0 55 62 69===1
0 44 51 65===1
0 44 58 68===1
0 46 52 62===1
0 46 60 69===1
0 51 57 68===1
0 51 63 71===1
0 56 59 67===1
0 52 61 69===1
0 43 49 63===1
0 42 58 70===1
0 46 51 67===1
0 47 62 73===1
0 50 56 68===1
0 50 66 77===1
0 56 61 69===1
0 56 65 72===1
0 48 53 63===1
0 48 61 69===1
0 52 55 65===1
0 52 62 68===1
0 56 60 67===1
0 56 65 71===1
0 60 63 68===1
0 55 63 69===1
0 43 49 63===1
0 42 58 70===1
0 46 52 68===1
0 46 62 73===1
0 50 56 68===1
0 50 66 76===1
0 56 62 70===1
0 56 65 73===1
0 47 50 62===1
0 47 58 68===1
0 48 54 65===1
0 47 62 73===1
0 52 58 68===1
0 52 64 74===1
0 56 59 66===1
0 56 62 69===1
0 46 52 64===1
0 46 58 67===1
0 46 52 64===1
0 46 60 71===1
0 54 59 70===1
0 54 64 72===1
0 57 60 68===1
0 52 61 68===1
0 46 52 65===1
0 45 59 70===1
0 46 53 67===1
0 45 62 73===1
0 53 58 69===1
0 53 65 74===1
0 59 60 67===1
0 54 61 67===1
0 42 46 60===1
0 42 56 68===1
0 46 50 64===1
0 47 59 70===1
0 49 53 67===1
0 49 62 74===1
0 54 59 67===1
0 54 62 69===1
0 41 46 61===1
0 40 55 67===1
0 43 48 66===1
0 42 58 71===1
0 48 54 67===1
0 48 62 74===1
0 55 59 67===1
0 55 62 69===1
0 39 49 63===1
0 39 59 72===1
0 44 52 65===1
0 44 63 75===1
0 51 56 67===1
0 51 67 76===1
0 56 59 69===1
0 56 65 73===1
0 45 50 62===1
0 45 58 68===1
0 47 53 65===1
0 46 62 73===1
0 52 57 68===1
0 52 64 74===1
0 56 59 67===1
0 56 62 69===1
0 41 47 63===1
0 40 58 71===1
0 42 50 68===1
0 40 60 73===1
0 47 53 68===1
0 47 64 77===1
0 54 61 69===1
0 54 65 73===1
0 43 49 63===1
0 42 58 70===1
0 47 52 67===1
0 47 62 72===1
0 49 55 68===1
0 49 65 76===1
0 56 61 69===1
0 56 65 72===1
0 49 53 64===1
0 49 62 71===1
0 52 55 66===1
0 52 62 70===1
0 55 59 67===1
0 55 66 73===1
0 60 63 67===1
0 55 64 71===1
0 40 45 61===1
0 39 55 66===1
0 43 48 66===1
0 42 58 71===1
0 48 53 67===1
0 48 62 73===1
0 55 58 66===1
0 55 62 69===1
0 49 53 65===1
0 49 62 71===1
0 52 55 66===1
0 52 62 70===1
0 55 59 66===1
0 55 66 73===1
0 60 63 67===1
0 55 64 71===1
0 40 48 63===1
0 40 56 67===1
0 44 50 63===1
0 44 59 70===1
0 47 54 68===1
0 47 61 71===1
0 53 58 67===1
0 53 61 70===1
0 44 51 64===1
0 43 59 71===1
0 47 53 68===1
0 46 62 74===1
0 50 57 69===1
0 50 66 76===1
0 59 61 68===1
0 57 63 70===1
0 41 47 62===1
0 41 57 70===1
0 44 50 67===1
0 43 60 73===1
0 48 53 68===1
0 48 64 76===1
0 54 61 69===1
0 54 64 72===1
0 43 47 61===1
0 43 57 68===1
0 45 49 66===1
0 45 61 72===1
0 50 55 68===1
0 50 64 75===1
0 55 59 67===1
0 55 62 69===1
0 42 47 62===1
0 42 57 68===1
0 45 50 66===1
0 44 60 72===1
0 51 56 68===1
0 51 64 75===1
0 55 59 67===1
0 55 63 70===1
0 48 53 63===1
0 48 62 70===1
0 51 54 66===1
0 51 63 70===1
0 57 60 67===1
0 57 66 72===1
0 61 63 68===1
0 55 63 69===1
0 39 47 62===1
0 38 57 71===1
0 42 48 68===1
0 42 60 73===1
0 47 53 68===1
0 47 64 77===1
0 56 61 69===1
0 56 65 72===1
0 45 49 61===1
0 45 57 67===1
0 47 52 64===1
0 46 61 72===1
0 52 57 68===1
0 52 63 73===1
0 56 58 65===1
0 55 61 68===1
0 46 51 65===1
0 45 59 70===1
0 46 53 67===1
0 45 62 73===1
0 53 58 69===1
0 53 65 75===1
0 59 61 68===1
0 54 61 67===1
0 44 50 62===1
0 43 59 70===1
0 48 53 66===1
0 48 62 72===1
0 52 56 68===1
0 52 66 77===1
0 55 61 69===1
0 55 64 72===1
0 46 51 62===1
0 46 58 68===1
0 48 54 65===1
0 47 62 73===1
0 52 58 69===1
0 52 64 74===1
0 56 59 67===1
0 56 62 69===1
0 -6 -1 8===1
0 -8 -5 -3===1
0 -18 -13 -5===1
0 -16 -10 -4===1
0 -21 -15 -3===1
0 -20 -14 -10===1
0 -25 -20 -10===1
0 -19 -2 6===1
0 -6 -1 8===1
0 -8 -5 -3===1
0 -19 -14 -6===1
0 -16 -10 -4===1
0 -20 -14 -4===1
0 -18 -14 -9===1
0 -25 -20 -10===1
0 -18 0 9===1
0 51 56 68===1
0 51 55 60===1
0 47 50 59===1
0 47 54 61===1
0 43 47 58===1
0 42 48 54===1
0 39 43 53===1
0 39 50 60===1
0 50 56 68===1
0 49 56 62===1
0 46 52 63===1
0 45 55 63===1
0 44 49 60===1
0 43 51 58===1
0 35 42 56===1
0 34 50 62===1
0 53 56 63===1
0 53 55 57===1
0 45 50 59===1
0 45 49 54===1
0 36 42 54===1
0 36 49 58===1
0 43 48 57===1
0 43 53 60===1
0 49 57 71===1
0 49 54 60===1
0 42 49 61===1
0 42 55 64===1
0 44 52 64===1
0 44 51 58===1
0 33 41 56===1
0 33 51 62===1
0 48 57 71===1
0 47 53 59===1
0 43 47 54===1
0 43 54 62===1
0 37 45 56===1
0 36 42 50===1
0 30 35 43===1
0 30 47 61===1
0 48 56 70===1
0 48 53 58===1
0 42 46 53===1
0 42 53 60===1
0 38 45 56===1
0 36 41 47===1
0 30 34 41===1
0 29 48 61===1
0 51 57 68===1
0 50 55 61===1
0 46 51 61===1
0 45 55 63===1
0 43 49 60===1
0 42 49 56===1
0 35 42 56===1
0 35 50 62===1
0 47 55 72===1
0 44 51 56===1
0 37 41 49===1
0 37 49 57===1
0 35 42 58===1
0 29 38 45===1
0 21 29 46===1
0 19 44 61===1
0 49 56 69===1
0 49 53 58===1
0 42 46 53===1
0 42 52 59===1
0 36 43 55===1
0 35 41 48===1
0 30 34 43===1
0 29 47 60===1
0 49 57 71===1
0 49 55 60===1
0 46 50 58===1
0 45 55 62===1
0 40 49 63===1
0 40 46 53===1
0 33 40 51===1
0 33 51 62===1
0 27 31 41===1
0 27 30 34===1
0 24 26 32===1
0 24 29 34===1
0 21 24 31===1
0 20 25 30===1
0 15 19 29===1
0 14 29 39===1
0 51 57 70===1
0 50 55 60===1
0 46 50 59===1
0 46 55 63===1
0 44 49 60===1
0 43 49 55===1
0 35 40 51===1
0 35 50 60===1
0 48 57 71===1
0 48 54 61===1
0 43 47 55===1
0 43 54 62===1
0 37 45 56===1
0 37 43 52===1
0 30 35 43===1
0 30 48 61===1
0 49 53 63===1
0 49 57 65===1
0 50 54 63===1
0 50 57 64===1
0 45 51 62===1
0 45 53 61===1
0 43 49 60===1
0 43 55 65===1
0 50 54 66===1
0 48 53 58===1
0 47 49 57===1
0 46 53 59===1
0 43 46 56===1
0 42 47 52===1
0 37 41 53===1
0 36 48 58===1
0 51 57 70===1
0 50 56 62===1
0 46 51 63===1
0 45 55 63===1
0 44 49 60===1
0 43 50 56===1
0 36 42 55===1
0 36 51 62===1
0 49 56 68===1
0 49 56 61===1
0 45 51 62===1
0 45 55 63===1
0 43 48 60===1
0 42 50 57===1
0 35 42 56===1
0 34 50 61===1
0 50 56 68===1
0 49 56 62===1
0 46 52 63===1
0 46 55 63===1
0 43 49 61===1
0 42 50 58===1
0 36 42 55===1
0 35 50 61===1
0 47 54 69===1
0 46 52 58===1
0 41 45 52===1
0 41 51 59===1
0 34 41 54===1
0 34 39 47===1
0 27 33 43===1
0 27 46 60===1
0 35 39 50===1
0 35 42 48===1
0 38 41 48===1
0 33 40 45===1
0 28 31 39===1
0 28 37 44===1
0 30 32 40===1
0 30 40 48===1
0 45 51 61===1
0 44 53 60===1
0 47 52 60===1
0 47 50 55===1
0 37 43 54===1
0 36 48 56===1
0 40 45 54===1
0 40 51 58===1
0 48 56 71===1
0 48 54 59===1
0 43 47 55===1
0 43 54 62===1
0 36 45 57===1
0 36 42 49===1
0 29 35 44===1
0 29 48 61===1
0 52 57 69===1
0 51 57 62===1
0 48 52 62===1
0 47 56 63===1
0 45 50 60===1
0 44 50 56===1
0 39 44 55===1
0 39 52 62===1
0 49 52 62===1
0 49 55 61===1
0 46 51 63===1
0 45 50 56===1
0 37 43 55===1
0 37 50 60===1
0 41 45 58===1
0 41 52 61===1
0 48 51 61===1
0 48 52 57===1
0 46 48 56===1
0 45 50 56===1
0 40 44 54===1
0 39 47 53===1
0 38 42 51===1
0 38 48 56===1
0 43 51 64===1
0 43 48 53===1
0 37 41 49===1
0 36 49 57===1
0 33 40 52===1
0 32 37 44===1
0 23 30 41===1
0 24 43 57===1
0 47 55 69===1
0 47 52 57===1
0 43 47 53===1
0 43 53 60===1
0 38 45 55===1
0 36 40 47===1
0 30 34 41===1
0 30 47 61===1
0 52 57 68===1
0 51 56 61===1
0 47 51 60===1
0 46 54 62===1
0 44 48 58===1
0 43 49 55===1
0 36 42 54===1
0 35 49 60===1
0 35 38 52===1
0 34 39 44===1
0 31 34 41===1
0 31 38 44===1
0 30 33 40===1
0 27 35 43===1
0 23 27 39===1
0 22 36 48===1
0 50 55 67===1
0 49 55 61===1
0 46 51 61===1
0 45 54 62===1
0 42 48 58===1
0 42 49 56===1
0 35 42 55===1
0 35 50 61===1
0 51 57 68===1
0 50 56 61===1
0 48 52 62===1
0 47 55 62===1
0 44 49 59===1
0 43 50 56===1
0 37 43 56===1
0 36 50 61===1
0 33 37 49===1
0 33 38 43===1
0 31 34 41===1
0 31 37 42===1
0 25 29 38===1
0 25 33 40===1
0 17 23 37===1
0 17 34 44===1
0 34 38 49===1
0 34 38 43===1
0 32 34 41===1
0 32 37 43===1
0 25 28 39===1
0 25 32 40===1
0 18 23 37===1
0 18 34 47===1
0 49 54 65===1
0 48 59 67===1
0 49 54 64===1
0 49 58 65===1
0 45 52 63===1
0 45 55 62===1
0 43 51 63===1
0 43 58 67===1
0 52 58 68===1
0 51 56 60===1
0 47 51 59===1
0 46 54 61===1
0 44 49 57===1
0 43 49 54===1
0 37 43 54===1
0 36 49 60===1
0 38 42 53===1
0 38 43 48===1
0 36 38 45===1
0 36 42 48===1
0 31 34 43===1
0 30 39 47===1
0 23 28 42===1
0 23 39 49===1
0 42 49 64===1
0 40 46 52===1
0 37 40 46===1
0 37 48 56===1
0 34 40 52===1
0 31 36 41===1
0 23 29 40===1
0 24 43 56===1
0 43 52 68===1
0 42 48 54===1
0 35 40 48===1
0 35 49 58===1
0 31 38 53===1
0 28 35 44===1
0 20 26 41===1
0 19 41 58===1
0 50 56 68===1
0 49 55 61===1
0 46 51 61===1
0 45 55 63===1
0 43 49 61===1
0 42 50 57===1
0 36 43 57===1
0 35 50 61===1
0 49 54 66===1
0 48 54 60===1
0 46 51 61===1
0 45 54 61===1
0 43 48 59===1
0 42 49 56===1
0 36 42 55===1
0 36 50 61===1
0 50 57 68===1
0 50 55 61===1
0 45 51 61===1
0 45 55 63===1
0 43 50 61===1
0 43 50 57===1
0 35 43 56===1
0 35 51 62===1
0 47 53 64===1
0 47 55 61===1
0 44 50 60===1
0 44 54 62===1
0 41 47 58===1
0 41 49 57===1
0 35 42 55===1
0 35 50 61===1
0 49 57 71===1
0 48 53 58===1
0 41 46 53===1
0 41 53 61===1
0 37 44 57===1
0 35 40 47===1
0 28 33 42===1
0 27 47 60===1
0 52 57 69===1
0 51 56 61===1
0 47 51 61===1
0 46 55 63===1
0 45 50 60===1
0 44 50 56===1
0 38 44 56===1
0 37 51 61===1
0 50 58 70===1
0 50 54 58===1
0 43 47 54===1
0 43 54 61===1
0 39 46 55===1
0 38 41 48===1
0 32 36 41===1
0 32 47 60===1
0 50 54 64===1
0 50 59 66===1
0 51 55 63===1
0 50 58 66===1
0 47 52 62===1
0 46 55 62===1
0 45 51 62===1
0 44 57 67===1
0 53 58 68===1
0 53 62 69===1
0 56 61 69===1
0 56 62 67===1
0 58 61 68===1
0 58 64 70===1
0 54 60 69===1
0 51 58 64===1
0 47 53 66===1
0 47 56 63===1
0 53 57 65===1
0 53 58 64===1
0 48 54 65===1
0 48 59 69===1
0 45 52 67===1
0 39 46 49===1
0 53 58 67===1
0 53 61 68===1
0 55 60 69===1
0 55 62 67===1
0 58 61 67===1
0 58 64 69===1
0 54 60 69===1
0 50 57 63===1
0 47 53 65===1
0 47 56 63===1
0 52 56 65===1
0 52 57 63===1
0 48 53 64===1
0 48 59 69===1
0 45 52 67===1
0 39 45 49===1
0 52 57 62===1
0 51 57 62===1
0 53 55 60===1
0 53 63 70===1
0 56 58 64===1
0 56 64 71===1
0 53 58 65===1
0 53 57 60===1
0 53 57 66===1
0 53 60 67===1
0 54 59 67===1
0 54 61 67===1
0 58 61 67===1
0 58 64 69===1
0 54 61 69===1
0 50 57 62===1
0 54 60 71===1
0 54 64 71===1
0 56 61 70===1
0 56 63 69===1
0 60 63 69===1
0 60 65 71===1
0 55 61 70===1
0 52 59 66===1
0 52 57 66===1
0 52 60 66===1
0 55 59 67===1
0 55 61 66===1
0 56 59 66===1
0 56 62 68===1
0 54 59 68===1
0 48 56 61===1
0 54 59 70===1
0 54 64 71===1
0 56 60 69===1
0 55 63 70===1
0 59 62 69===1
0 59 65 71===1
0 56 61 70===1
0 51 60 66===1
0 49 54 64===1
0 49 57 64===1
0 53 56 64===1
0 52 57 62===1
0 50 54 64===1
0 50 60 69===1
0 45 52 67===1
0 39 45 49===1
0 51 57 64===1
0 50 59 67===1
0 52 56 63===1
0 52 63 71===1
0 57 59 65===1
0 57 64 71===1
0 55 59 66===1
0 55 58 62===1
0 50 55 68===1
0 49 60 68===1
0 54 58 68===1
0 53 60 67===1
0 51 56 68===1
0 50 62 72===1
0 50 55 64===1
0 50 57 62===1
0 54 57 64===1
0 54 59 64===1
0 52 55 63===1
0 52 60 67===1
0 49 55 66===1
0 42 49 54===1
0 55 60 69===1
0 55 63 69===1
0 57 60 67===1
0 57 63 68===1
0 58 61 66===1
0 58 64 69===1
0 54 58 65===1
0 49 58 64===1
0 53 58 67===1
0 53 61 68===1
0 56 60 69===1
0 56 62 67===1
0 57 60 67===1
0 57 63 69===1
0 54 60 69===1
0 50 57 63===1
0 53 57 66===1
0 53 60 67===1
0 55 59 67===1
0 55 61 67===1
0 58 61 67===1
0 58 64 69===1
0 54 61 69===1
0 50 57 62===1
0 51 57 62===1
0 51 57 64===1
0 52 55 61===1
0 52 61 69===1
0 56 57 62===1
0 56 64 71===1
0 53 57 64===1
0 53 57 61===1
0 53 58 67===1
0 53 61 67===1
0 55 59 68===1
0 55 61 67===1
0 58 61 67===1
0 58 64 69===1
0 54 61 69===1
0 50 57 63===1
0 55 60 70===1
0 55 63 70===1
0 56 60 68===1
0 56 63 69===1
0 59 62 68===1
0 59 65 70===1
0 55 59 67===1
0 51 59 66===1
0 52 57 67===1
0 52 60 67===1
0 55 59 68===1
0 55 61 67===1
0 57 60 67===1
0 57 63 69===1
0 54 60 68===1
0 50 56 62===1
0 50 55 64===1
0 50 57 62===1
0 53 56 63===1
0 53 59 65===1
0 52 56 63===1
0 52 60 66===1
0 51 57 65===1
0 44 51 56===1
0 53 57 67===1
0 53 60 67===1
0 55 59 68===1
0 55 61 67===1
0 58 61 67===1
0 58 64 69===1
0 54 61 69===1
0 50 57 63===1
0 51 57 62===1
0 51 57 62===1
0 52 54 60===1
0 52 61 68===1
0 56 57 62===1
0 56 63 70===1
0 52 56 64===1
0 52 57 61===1
0 53 59 68===1
0 53 62 69===1
0 55 59 69===1
0 55 63 69===1
0 59 62 69===1
0 59 65 70===1
0 55 62 70===1
0 52 59 65===1
0 47 53 64===1
0 47 56 63===1
0 52 56 65===1
0 52 57 62===1
0 48 53 64===1
0 48 59 69===1
0 45 52 66===1
0 39 45 49===1
0 51 56 65===1
0 51 59 65===1
0 56 59 67===1
0 56 61 66===1
0 54 57 64===1
0 54 61 68===1
0 52 58 67===1
0 46 54 59===1
0 52 57 65===1
0 52 59 65===1
0 54 58 66===1
0 54 61 67===1
0 57 60 67===1
0 57 63 69===1
0 55 61 68===1
0 50 57 62===1
0 53 57 67===1
0 53 60 67===1
0 55 59 68===1
0 55 61 67===1
0 58 61 67===1
0 58 64 69===1
0 54 61 69===1
0 50 57 62===1
0 48 54 66===1
0 48 57 64===1
0 53 57 66===1
0 53 59 65===1
0 48 53 64===1
0 48 59 69===1
0 46 53 67===1
0 40 46 50===1
0 49 53 64===1
0 48 57 64===1
0 53 57 65===1
0 52 57 62===1
0 49 54 64===1
0 49 59 69===1
0 45 52 66===1
0 38 45 49===1
0 57 62 70===1
0 57 64 69===1
0 57 61 68===1
0 57 63 68===1
0 59 61 66===1
0 59 64 69===1
0 54 57 65===1
0 50 58 64===1
0 49 55 67===1
0 49 59 67===1
0 54 58 67===1
0 54 59 65===1
0 51 56 67===1
0 50 62 72===1
0 49 55 67===1
0 45 52 58===1
0 52 58 64===1
0 52 60 67===1
0 55 58 65===1
0 55 64 73===1
0 58 60 67===1
0 59 65 72===1
0 57 60 67===1
0 57 60 63===1
0 34 38 48===1
0 34 48 57===1
0 33 40 53===1
0 33 44 51===1
0 29 34 46===1
0 29 44 52===1
0 30 36 47===1
0 30 46 54===1
0 43 46 54===1
0 43 52 60===1
0 42 45 52===1
0 42 47 54===1
0 34 38 46===1
0 34 46 55===1
0 35 40 49===1
0 38 49 58===1
0 42 47 58===1
0 42 48 55===1
0 44 47 54===1
0 43 48 53===1
0 40 46 56===1
0 40 48 55===1
0 45 49 55===1
0 45 48 53===1
0 42 44 53===1
0 42 45 51===1
0 43 45 49===1
0 41 45 48===1
0 36 39 47===1
0 36 45 50===1
0 43 45 50===1
0 41 45 48===1
0 45 48 55===1
0 45 48 52===1
0 48 48 50===1
0 45 48 50===1
0 40 43 50===1
0 40 46 51===1
0 47 48 50===1
0 45 47 50===1
0 45 48 56===1
0 45 54 62===1
0 46 47 53===1
0 46 50 56===1
0 42 44 50===1
0 42 50 58===1
0 43 47 53===1
0 46 53 61===1
0 47 50 57===1
0 47 55 61===1
0 50 52 59===1
0 49 53 58===1
0 44 46 53===1
0 44 51 55===1
0 43 46 54===1
0 43 53 59===1
0 44 46 52===1
0 44 53 60===1
0 47 49 55===1
0 46 52 58===1
0 42 44 50===1
0 40 47 54===1
0 35 38 46===1
0 35 48 57===1
0 46 47 51===1
0 46 52 58===1
0 46 46 48===1
0 40 46 51===1
0 38 40 43===1
0 40 47 54===1
0 41 44 48===1
0 43 49 59===1
0 42 47 60===1
0 42 50 58===1
0 43 48 57===1
0 43 48 53===1
0 37 43 54===1
0 37 49 56===1
0 44 48 57===1
0 44 50 55===1
0 48 51 58===1
0 48 57 63===1
0 50 53 60===1
0 50 56 62===1
0 42 45 55===1
0 42 52 58===1
0 41 45 56===1
0 42 54 61===1
0 42 46 58===1
0 41 47 54===1
0 44 46 52===1
0 40 46 51===1
0 35 39 51===1
0 33 44 52===1
0 44 46 52===1
0 43 47 52===1
0 33 37 45===1
0 33 44 53===1
0 31 37 50===1
0 31 40 47===1
0 28 33 43===1
0 28 40 48===1
0 30 35 45===1
0 30 43 51===1
0 44 47 54===1
0 44 52 59===1
0 41 45 52===1
0 41 47 53===1
0 35 39 46===1
0 35 48 56===1
0 40 42 49===1
0 40 51 60===1
0 36 41 52===1
0 36 42 49===1
0 33 36 45===1
0 33 39 47===1
0 31 34 43===1
0 31 41 49===1
0 36 38 45===1
0 36 42 49===1
0 43 44 49===1
0 42 49 57===1
0 41 41 46===1
0 39 45 52===1
0 43 44 47===1
0 43 50 58===1
0 44 46 52===1
0 43 49 56===1
0 48 51 58===1
0 48 56 62===1
0 46 50 57===1
0 46 52 58===1
0 43 46 53===1
0 43 52 59===1
0 41 44 54===1
0 41 52 63===1
0 42 48 61===1
0 42 50 57===1
0 47 50 55===1
0 46 49 53===1
0 32 37 48===1
0 32 41 50===1
0 35 39 46===1
0 35 47 56===1
0 42 45 57===1
0 42 47 53===1
0 44 46 52===1
0 43 47 51===1
0 39 42 52===1
0 38 46 53===1
0 45 47 53===1
0 43 47 51===1
0 40 43 52===1
0 39 47 55===1
0 40 42 48===1
0 39 42 46===1
0 36 38 42===1
0 36 45 53===1
0 38 42 50===1
0 42 47 54===1
0 40 44 56===1
0 39 47 57===1
0 43 46 54===1
0 36 45 52===1
0 31 35 47===1
0 32 42 52===1
0 37 40 49===1
0 38 45 54===1
0 38 42 57===1
0 37 43 50===1
0 32 37 51===1
0 32 39 46===1
0 30 34 45===1
0 30 42 49===1
0 38 41 49===1
0 38 43 47===1
0 43 47 55===1
0 43 51 58===1
0 49 52 57===1
0 44 48 50===1
0 35 41 50===1
0 34 42 48===1
0 39 43 48===1
0 39 46 52===1
0 45 48 56===1
0 45 54 62===1
0 48 49 54===1
0 47 51 56===1
0 44 45 51===1
0 44 51 59===1
0 43 47 54===1
0 48 55 62===1
0 46 47 55===1
0 46 53 60===1
0 46 47 52===1
0 43 49 54===1
0 41 42 49===1
0 43 50 58===1
0 42 45 54===1
0 44 53 61===1
0 44 50 61===1
0 44 52 59===1
0 45 50 58===1
0 43 47 50===1
0 35 39 47===1
0 35 44 50===1
0 36 41 48===1
0 36 48 55===1
0 44 47 55===1
0 44 53 61===1
0 46 47 54===1
0 44 50 55===1
0 40 41 49===1
0 40 50 59===1
0 41 45 54===1
0 45 54 62===1
0 43 44 48===1
0 44 50 57===1
0 43 45 49===1
0 40 46 51===1
0 39 40 44===1
0 39 47 54===1
0 34 37 43===1
0 34 47 55===1
0 37 40 48===1
0 37 49 57===1
0 36 41 53===1
0 36 44 52===1
0 31 35 45===1
0 31 43 52===1
0 31 36 46===1
0 31 47 56===1
0 42 46 57===1
0 42 47 52===1
0 44 46 52===1
0 43 47 51===1
0 37 41 52===1
0 37 45 52===1
0 44 46 51===1
0 44 46 50===1
0 42 44 50===1
0 43 51 59===1
0 43 45 52===1
0 41 47 53===1
0 39 41 46===1
0 39 48 56===1
0 33 37 45===1
0 33 49 58===1
0 48 51 59===1
0 48 55 62===1
0 50 52 58===1
0 50 54 59===1
0 45 48 56===1
0 45 53 60===1
0 44 47 57===1
0 44 55 63===1
0 48 51 59===1
0 48 55 62===1
0 50 52 58===1
0 50 54 59===1
0 45 48 56===1
0 45 53 60===1
0 43 47 57===1
0 44 55 63===1
0 48 52 59===1
0 48 55 61===1
0 47 51 58===1
0 47 53 59===1
0 44 48 55===1
0 44 52 60===1
0 41 46 56===1
0 41 53 63===1
0 41 45 56===1
0 40 47 54===1
0 42 45 51===1
0 42 46 51===1
0 38 42 51===1
0 37 46 53===1
0 44 46 52===1
0 43 47 53===1
0 43 47 55===1
0 42 47 53===1
0 40 44 51===1
0 39 46 53===1
0 38 43 50===1
0 38 47 54===1
0 44 47 52===1
0 44 48 52===1
0 44 47 54===1
0 44 47 51===1
0 46 47 50===1
0 44 47 50===1
0 39 42 49===1
0 39 46 51===1
0 46 46 49===1
0 44 47 51===1
0 50 51 56===1
0 49 54 59===1
0 48 49 54===1
0 47 51 57===1
0 45 46 51===1
0 45 51 58===1
0 42 45 52===1
0 44 52 61===1
0 48 51 57===1
0 47 55 61===1
0 48 52 59===1
0 48 53 59===1
0 41 45 53===1
0 41 51 57===1
0 41 45 54===1
0 40 53 60===1
0 46 50 60===1
