2 0 1 6 0 10===1
2 0 2 5 0 10===1
2 0 0 2 0 10===1
2 2 8 13 0 10===1
2 3 5 6 0 10===1
2 6 9 11 0 10===1
2 2 3 8 0 10===1
2 0 4 9 0 10===1
2 1 1 5 0 10===1
2 5 10 15 10 20===1
2 8 11 15 10 20===1
2 8 11 15 10 20===1
2 11 14 23 10 20===1
2 11 22 29 10 20===1
2 1 1 5 0 10===1
2 1 2 5 0 10===1
2 1 1 2 0 10===1
2 2 6 10 0 10===1
2 0 1 3 0 10===1
2 3 6 9 0 10===1
2 7 8 10 0 10===1
2 6 13 20 10 20===1
2 1 1 6 0 10===1
2 0 2 6 0 10===1
2 0 0 2 0 10===1
2 1 6 10 0 10===1
2 0 1 5 0 10===1
2 5 7 9 0 10===1
2 8 8 10 0 10===1
2 6 13 20 10 20===1
2 3 6 13 0 10===1
2 1 5 9 0 10===1
2 1 2 5 0 10===1
2 3 13 17 10 20===1
2 10 13 15 10 20===1
2 8 11 15 10 20===1
2 9 14 22 10 20===1
2 15 25 33 10 20===1
2 2 2 6 0 10===1
2 1 3 6 0 10===1
2 1 1 3 0 10===1
2 2 5 8 0 10===1
2 0 1 3 0 10===1
2 3 6 9 0 10===1
2 7 8 10 0 10===1
2 7 13 18 10 20===1
2 1 2 7 0 10===1
2 0 2 6 0 10===1
2 0 0 2 0 10===1
2 2 8 13 0 10===1
2 3 5 7 0 10===1
2 7 9 11 10 20===1
2 10 12 16 10 20===1
2 6 15 21 10 20===1
2 1 2 7 0 10===1
2 0 2 6 0 10===1
2 0 1 2 0 10===1
2 2 8 14 0 10===1
2 5 6 8 0 10===1
2 8 9 11 10 20===1
2 10 13 17 10 20===1
2 6 16 22 10 20===1
2 1 2 6 0 10===1
2 1 3 6 0 10===1
2 1 1 3 0 10===1
2 2 7 10 0 10===1
2 1 3 6 0 10===1
2 6 8 10 0 10===1
2 9 10 11 10 20===1
2 7 14 21 10 20===1
2 3 5 9 0 10===1
2 3 6 9 0 10===1
2 1 1 3 0 10===1
2 3 11 16 10 20===1
2 8 11 14 10 20===1
2 8 11 16 10 20===1
2 10 14 22 10 20===1
2 10 21 26 10 20===1
2 6 7 10 0 10===1
2 6 7 10 0 10===1
2 7 7 9 0 10===1
2 9 13 16 10 20===1
2 8 8 10 0 10===1
2 8 13 16 10 20===1
2 13 13 15 10 20===1
2 5 16 21 10 20===1
2 3 5 11 0 10===1
2 1 5 9 0 10===1
2 0 2 5 0 10===1
2 3 12 17 10 20===1
2 11 13 16 10 20===1
2 8 12 15 10 20===1
2 10 15 23 10 20===1
2 15 25 31 10 20===1
2 1 2 7 0 10===1
2 1 3 6 0 10===1
2 1 2 3 0 10===1
2 3 5 7 0 10===1
2 3 4 7 0 10===1
2 3 9 13 0 10===1
2 5 7 14 0 10===1
2 10 16 21 10 20===1
2 1 2 7 0 10===1
2 1 3 5 0 10===1
2 1 2 5 0 10===1
2 3 5 6 0 10===1
2 3 5 7 0 10===1
2 3 8 13 0 10===1
2 6 8 15 0 10===1
2 7 15 21 10 20===1
2 1 2 6 0 10===1
2 1 3 6 0 10===1
2 1 1 3 0 10===1
2 2 7 10 0 10===1
2 0 2 6 0 10===1
2 6 8 10 0 10===1
2 8 9 11 0 10===1
2 9 15 21 10 20===1
2 1 2 7 0 10===1
2 0 2 6 0 10===1
2 0 1 2 0 10===1
2 2 9 14 10 20===1
2 5 6 8 0 10===1
2 8 10 13 10 20===1
2 10 13 17 10 20===1
2 6 16 22 10 20===1
2 5 6 9 0 10===1
2 5 7 10 0 10===1
2 7 7 9 0 10===1
2 9 13 16 10 20===1
2 9 9 10 10 20===1
2 9 14 17 10 20===1
2 14 14 15 10 20===1
2 5 16 21 10 20===1
2 3 5 10 0 10===1
2 3 5 10 0 10===1
2 1 2 5 0 10===1
2 5 13 20 10 20===1
2 11 13 14 10 20===1
2 8 11 15 10 20===1
2 7 13 20 10 20===1
2 11 23 30 10 20===1
2 1 2 7 0 10===1
2 0 2 6 0 10===1
2 0 1 2 0 10===1
2 2 9 14 0 10===1
2 5 6 8 0 10===1
2 8 10 13 10 20===1
2 11 13 18 10 20===1
2 6 16 22 10 20===1
2 1 1 6 0 10===1
2 1 5 9 0 10===1
2 1 1 2 0 10===1
2 2 7 13 0 10===1
2 6 9 14 10 20===1
2 6 8 10 0 10===1
2 9 11 20 10 20===1
2 13 19 25 10 20===1
2 1 1 6 0 10===1
2 1 2 5 0 10===1
2 0 0 2 0 10===1
2 1 7 11 0 10===1
2 1 2 5 0 10===1
2 5 7 9 0 10===1
2 8 8 11 0 10===1
2 6 14 20 10 20===1
2 1 2 7 0 10===1
2 1 3 6 0 10===1
2 0 1 2 0 10===1
2 2 9 14 0 10===1
2 5 6 8 0 10===1
2 8 10 13 10 20===1
2 10 13 18 10 20===1
2 6 16 22 10 20===1
2 3 5 11 0 10===1
2 2 5 9 0 10===1
2 1 2 5 0 10===1
2 5 12 16 10 20===1
2 13 14 17 10 20===1
2 10 13 16 10 20===1
2 13 16 24 10 20===1
2 14 25 30 10 20===1
2 0 1 6 0 10===1
2 0 2 5 0 10===1
2 0 0 2 0 10===1
2 2 8 13 0 10===1
2 3 5 7 0 10===1
2 6 9 11 10 20===1
2 9 12 16 10 20===1
2 6 15 21 10 20===1
2 0 2 9 0 10===1
2 1 3 6 0 10===1
2 1 1 5 0 10===1
2 1 9 14 0 10===1
2 3 5 8 0 10===1
2 5 12 16 10 20===1
2 11 12 15 10 20===1
2 3 16 21 10 20===1
2 1 2 6 0 10===1
2 0 2 6 0 10===1
2 0 0 2 0 10===1
2 2 8 13 0 10===1
2 3 5 6 0 10===1
2 6 9 11 0 10===1
2 9 11 16 10 20===1
2 6 15 21 10 20===1
2 1 2 7 0 10===1
2 0 2 6 0 10===1
2 0 0 2 0 10===1
2 2 9 14 10 20===1
2 5 6 8 0 10===1
2 8 10 13 10 20===1
2 10 13 17 10 20===1
2 6 16 22 10 20===1
2 2 4 10 0 10===1
2 3 5 8 0 10===1
2 2 4 6 0 10===1
2 6 13 18 10 20===1
2 9 12 15 10 20===1
2 9 13 16 10 20===1
2 2 4 9 0 10===1
2 1 3 6 0 10===1
2 0 1 3 0 10===1
2 3 11 15 10 20===1
2 7 9 11 0 10===1
2 11 12 14 10 20===1
2 14 16 21 10 20===1
2 7 18 24 10 20===1
2 1 2 7 0 10===1
2 0 2 6 0 10===1
2 0 0 2 0 10===1
2 2 8 13 0 10===1
2 3 5 7 0 10===1
2 7 9 11 0 10===1
2 9 11 16 10 20===1
2 7 16 21 10 20===1
2 3 5 11 0 10===1
2 3 5 8 0 10===1
2 2 4 6 0 10===1
2 6 13 18 10 20===1
2 10 12 15 10 20===1
2 10 13 16 10 20===1
2 10 14 24 10 20===1
2 10 23 31 10 20===1
2 0 1 6 0 10===1
2 0 1 3 0 10===1
2 0 1 3 0 10===1
2 2 7 10 0 10===1
2 0 2 5 0 10===1
2 5 8 10 0 10===1
2 9 9 11 10 20===1
2 6 13 20 10 20===1
2 5 6 10 0 10===1
2 5 7 9 0 10===1
2 7 7 8 0 10===1
2 8 13 16 10 20===1
2 7 8 10 0 10===1
2 7 13 16 10 20===1
2 13 13 15 10 20===1
2 5 16 21 10 20===1
2 0 2 6 0 10===1
2 0 1 3 0 10===1
2 0 1 3 0 10===1
2 2 7 10 0 10===1
2 0 2 6 0 10===1
2 6 8 10 0 10===1
2 9 9 11 10 20===1
2 6 14 21 10 20===1
2 1 2 7 0 10===1
2 0 2 6 0 10===1
2 0 0 2 0 10===1
2 2 8 13 0 10===1
2 5 6 7 0 10===1
2 7 9 11 10 20===1
2 10 12 17 10 20===1
2 6 16 21 10 20===1
2 3 5 10 0 10===1
2 3 5 10 0 10===1
2 1 2 5 0 10===1
2 5 13 20 10 20===1
2 11 13 14 10 20===1
2 8 12 15 10 20===1
2 7 13 21 10 20===1
2 11 23 30 10 20===1
2 1 2 7 0 10===1
2 1 2 5 0 10===1
2 0 0 2 0 10===1
2 2 10 15 10 20===1
2 5 7 9 0 10===1
2 8 11 14 10 20===1
2 13 14 15 10 20===1
2 5 14 20 10 20===1
2 2 2 6 0 10===1
2 1 3 6 0 10===1
2 1 1 2 0 10===1
2 2 5 8 0 10===1
2 0 1 3 0 10===1
2 3 6 9 0 10===1
2 7 8 10 0 10===1
2 7 13 18 10 20===1
2 1 1 6 0 10===1
2 0 2 6 0 10===1
2 0 0 1 0 10===1
2 1 6 10 0 10===1
2 0 1 5 0 10===1
2 5 7 9 0 10===1
2 7 8 11 0 10===1
2 6 13 20 10 20===1
2 0 2 7 0 10===1
2 0 3 6 0 10===1
2 1 1 3 0 10===1
2 2 4 6 0 10===1
2 5 5 8 0 10===1
2 5 10 14 0 10===1
2 7 9 16 0 10===1
2 8 16 22 10 20===1
2 1 2 6 0 10===1
2 1 2 6 0 10===1
2 0 0 2 0 10===1
2 2 8 13 0 10===1
2 3 5 6 0 10===1
2 6 9 11 0 10===1
2 9 11 16 10 20===1
2 6 15 21 10 20===1
2 1 1 5 0 10===1
2 0 2 6 0 10===1
2 0 1 3 0 10===1
2 2 5 9 0 10===1
2 0 1 3 0 10===1
2 3 6 9 0 10===1
2 7 7 10 0 10===1
2 7 13 20 10 20===1
2 0 1 6 0 10===1
2 0 1 3 0 10===1
2 0 1 3 0 10===1
2 2 7 10 0 10===1
2 0 2 5 0 10===1
2 5 8 10 0 10===1
2 9 9 11 10 20===1
2 6 14 20 10 20===1
2 2 4 9 0 10===1
2 2 5 9 0 10===1
2 5 5 7 0 10===1
2 6 11 15 10 20===1
2 6 7 9 0 10===1
2 7 12 16 10 20===1
2 11 12 15 10 20===1
2 3 16 21 10 20===1
2 1 1 6 0 10===1
2 0 2 6 0 10===1
2 0 0 1 0 10===1
2 1 6 10 0 10===1
2 0 1 5 0 10===1
2 5 7 9 0 10===1
2 7 8 10 0 10===1
2 6 13 20 10 20===1
2 1 3 9 0 10===1
2 2 5 8 0 10===1
2 3 4 7 0 10===1
2 6 11 15 10 20===1
2 6 7 9 0 10===1
2 7 12 16 10 20===1
2 10 11 15 10 20===1
2 3 16 21 10 20===1
2 1 3 9 0 10===1
2 1 4 9 0 10===1
2 1 2 5 0 10===1
2 5 10 15 10 20===1
2 7 9 13 10 20===1
2 7 8 11 0 10===1
2 9 12 20 10 20===1
2 9 19 26 10 20===1
2 0 2 6 0 10===1
2 0 2 3 0 10===1
2 0 1 2 0 10===1
2 2 8 13 0 10===1
2 1 4 7 0 10===1
2 6 9 11 10 20===1
2 10 11 14 10 20===1
2 6 14 21 10 20===1
2 1 1 5 0 10===1
2 0 3 6 0 10===1
2 1 1 2 0 10===1
2 2 5 9 0 10===1
2 0 1 3 0 10===1
2 3 6 9 0 10===1
2 7 7 10 0 10===1
2 7 13 20 10 20===1
2 1 1 5 0 10===1
2 0 2 5 0 10===1
2 0 0 2 0 10===1
2 2 7 11 0 10===1
2 1 2 5 0 10===1
2 5 7 9 0 10===1
2 7 9 13 0 10===1
2 6 13 20 10 20===1
2 1 1 6 0 10===1
2 0 2 6 0 10===1
2 0 0 1 0 10===1
2 1 6 10 0 10===1
2 1 2 5 0 10===1
2 5 7 9 0 10===1
2 7 9 13 0 10===1
2 6 14 20 10 20===1
2 2 4 10 0 10===1
2 2 6 9 0 10===1
2 6 6 8 0 10===1
2 7 12 16 10 20===1
2 8 8 10 0 10===1
2 8 13 16 10 20===1
2 13 13 15 10 20===1
2 5 16 21 10 20===1
2 1 3 6 0 10===1
2 1 3 6 0 10===1
2 1 1 3 0 10===1
2 2 7 11 0 10===1
2 0 3 6 0 10===1
2 6 9 11 0 10===1
2 8 10 13 10 20===1
2 8 15 21 10 20===1
2 1 2 7 0 10===1
2 1 3 6 0 10===1
2 0 1 2 0 10===1
2 2 8 13 0 10===1
2 5 6 7 0 10===1
2 7 9 11 0 10===1
2 10 12 16 10 20===1
2 7 16 21 10 20===1
2 0 1 7 0 10===1
2 0 2 5 0 10===1
2 0 0 2 0 10===1
2 2 9 14 10 20===1
2 5 7 9 0 10===1
2 8 11 14 10 20===1
2 11 13 15 10 20===1
2 5 14 21 10 20===1
2 1 2 5 0 10===1
2 1 2 5 0 10===1
2 1 1 3 0 10===1
2 2 6 9 0 10===1
2 0 1 5 0 10===1
2 5 7 9 0 10===1
2 8 8 10 0 10===1
2 7 13 20 10 20===1
2 1 2 7 0 10===1
2 0 2 6 0 10===1
2 0 0 2 0 10===1
2 2 8 13 0 10===1
2 3 5 7 0 10===1
2 7 9 11 10 20===1
2 9 12 16 10 20===1
2 6 15 21 10 20===1
2 2 3 5 0 10===1
2 1 1 2 0 10===1
2 2 2 5 0 10===1
2 2 4 7 0 10===1
2 3 6 8 0 10===1
2 3 6 13 0 10===1
2 7 10 11 10 20===1
2 9 9 11 0 10===1
2 2 3 5 0 10===1
2 1 1 2 0 10===1
2 2 2 5 0 10===1
2 1 4 7 0 10===1
2 3 6 8 0 10===1
2 3 6 14 0 10===1
2 7 10 13 10 20===1
2 9 9 11 10 20===1
2 6 8 13 0 10===1
2 5 6 9 0 10===1
2 6 6 8 0 10===1
2 8 12 16 10 20===1
2 10 11 16 10 20===1
2 3 7 10 0 10===1
2 3 5 7 0 10===1
2 2 4 7 0 10===1
2 7 9 14 0 10===1
2 6 7 8 0 10===1
2 3 5 8 0 10===1
2 5 12 17 10 20===1
2 11 12 17 10 20===1
2 5 9 11 10 20===1
2 3 5 8 0 10===1
2 2 5 7 0 10===1
2 3 5 8 0 10===1
2 5 10 15 10 20===1
2 7 11 15 10 20===1
2 5 9 14 10 20===1
2 5 7 17 0 10===1
2 5 7 13 0 10===1
2 0 2 5 0 10===1
2 3 9 15 0 10===1
2 7 12 21 0 10===1
2 7 8 10 0 10===1
2 7 7 8 0 10===1
2 8 15 21 10 20===1
2 14 15 21 10 20===1
2 5 9 14 0 10===1
2 3 5 9 0 10===1
2 5 5 6 0 10===1
2 9 13 23 10 20===1
2 6 8 10 0 10===1
2 6 7 8 0 10===1
2 8 13 18 10 20===1
2 13 14 20 10 20===1
2 6 11 14 10 20===1
2 7 8 13 0 10===1
2 6 8 11 0 10===1
2 8 13 22 10 20===1
2 6 8 9 0 10===1
2 6 6 8 0 10===1
2 7 12 17 10 20===1
2 13 15 18 10 20===1
2 6 12 15 10 20===1
2 7 8 14 0 10===1
2 7 8 11 0 10===1
2 7 8 11 0 10===1
2 5 7 9 0 10===1
2 6 6 9 0 10===1
2 9 13 17 10 20===1
2 10 12 17 10 20===1
2 5 7 10 0 10===1
2 3 5 8 0 10===1
2 2 4 6 0 10===1
2 10 15 25 10 20===1
2 9 14 20 10 20===1
2 6 8 14 0 10===1
2 6 13 21 10 20===1
2 14 18 25 10 20===1
2 8 18 22 10 20===1
2 6 9 17 0 10===1
2 5 6 10 0 10===1
2 9 14 25 10 20===1
2 7 9 11 0 10===1
2 6 6 8 0 10===1
2 8 14 21 10 20===1
2 13 14 20 10 20===1
2 6 11 13 10 20===1
2 6 7 11 0 10===1
2 7 7 10 0 10===1
2 7 13 23 10 20===1
2 3 7 9 0 10===1
2 6 6 7 0 10===1
2 7 14 22 10 20===1
2 11 14 20 10 20===1
2 3 9 15 10 20===1
2 6 6 10 0 10===1
2 6 6 9 0 10===1
2 6 8 11 0 10===1
2 6 10 15 10 20===1
2 11 12 15 10 20===1
2 15 18 23 10 20===1
2 7 12 17 10 20===1
2 7 10 14 10 20===1
2 2 6 11 0 10===1
2 2 6 11 0 10===1
2 6 9 15 0 10===1
2 6 7 10 0 10===1
2 7 7 8 0 10===1
2 8 14 21 10 20===1
2 14 15 21 10 20===1
2 5 9 14 0 10===1
2 5 6 8 0 10===1
2 3 4 7 0 10===1
2 9 13 23 10 20===1
2 6 8 10 0 10===1
2 6 6 8 0 10===1
2 8 13 18 10 20===1
2 13 14 18 10 20===1
2 6 11 14 10 20===1
2 7 8 13 0 10===1
2 6 8 10 0 10===1
2 3 4 8 0 10===1
2 3 6 8 0 10===1
2 7 7 8 0 10===1
2 7 12 17 10 20===1
2 11 13 17 10 20===1
2 6 9 13 10 20===1
2 5 5 7 0 10===1
2 5 6 7 0 10===1
2 5 8 13 0 10===1
2 5 7 9 0 10===1
2 5 5 7 0 10===1
2 7 10 14 10 20===1
2 9 10 14 0 10===1
2 3 7 9 0 10===1
2 3 5 8 0 10===1
2 2 4 6 0 10===1
2 6 8 11 0 10===1
2 5 6 8 0 10===1
2 6 6 8 0 10===1
2 8 12 16 10 20===1
2 10 11 16 10 20===1
2 5 7 10 0 10===1
2 3 5 8 0 10===1
2 2 4 6 0 10===1
2 6 8 13 0 10===1
2 5 7 8 0 10===1
2 5 5 7 0 10===1
2 6 11 16 10 20===1
2 10 12 16 10 20===1
2 5 8 11 0 10===1
2 3 5 8 0 10===1
2 2 4 7 0 10===1
2 7 9 14 0 10===1
2 6 7 8 0 10===1
2 3 5 8 0 10===1
2 5 12 17 10 20===1
2 11 13 17 10 20===1
2 5 9 11 10 20===1
2 3 5 8 0 10===1
2 3 5 7 0 10===1
2 11 17 25 10 20===1
2 10 12 16 10 20===1
2 6 7 9 0 10===1
2 9 15 22 10 20===1
2 14 16 22 10 20===1
2 6 12 14 10 20===1
2 6 7 13 0 10===1
2 5 7 10 0 10===1
2 3 7 11 0 10===1
2 11 15 20 10 20===1
2 16 16 17 10 20===1
2 8 16 24 10 20===1
2 7 12 18 10 20===1
2 2 5 9 0 10===1
2 3 4 6 0 10===1
2 6 12 18 10 20===1
2 1 4 6 0 10===1
2 5 8 13 10 20===1
2 10 10 13 10 20===1
2 5 10 15 10 20===1
2 7 10 18 10 20===1
2 2 5 10 0 10===1
2 1 5 7 0 10===1
2 6 8 10 0 10===1
2 8 13 23 10 20===1
2 6 8 11 0 10===1
2 5 6 9 0 10===1
2 9 14 18 10 20===1
2 13 15 20 10 20===1
2 6 10 14 10 20===1
2 6 7 11 0 10===1
2 6 7 10 0 10===1
2 6 8 13 0 10===1
2 5 6 8 0 10===1
2 6 6 8 0 10===1
2 8 12 15 10 20===1
2 9 10 15 10 20===1
2 5 7 9 0 10===1
2 3 5 8 0 10===1
2 2 4 6 0 10===1
2 1 4 8 0 10===1
2 5 10 13 10 20===1
2 7 9 14 10 20===1
2 5 7 10 0 10===1
2 5 8 16 0 10===1
2 3 5 10 0 10===1
2 0 1 3 0 10===1
2 2 6 11 0 10===1
2 7 10 15 0 10===1
2 6 7 10 0 10===1
2 6 6 8 0 10===1
2 8 12 15 10 20===1
2 10 11 15 10 20===1
2 3 7 11 0 10===1
2 3 5 8 0 10===1
2 2 3 6 0 10===1
2 11 17 28 10 20===1
2 10 13 16 10 20===1
2 5 6 9 0 10===1
2 8 16 24 10 20===1
2 17 19 23 10 20===1
2 7 14 21 10 20===1
2 6 7 13 0 10===1
2 5 6 8 0 10===1
2 8 13 23 10 20===1
2 6 8 10 0 10===1
2 6 7 8 0 10===1
2 8 13 18 10 20===1
2 13 15 20 10 20===1
2 6 11 14 10 20===1
2 7 7 13 0 10===1
2 6 8 11 0 10===1
2 6 9 13 0 10===1
2 6 7 9 0 10===1
2 5 5 7 0 10===1
2 7 11 14 10 20===1
2 9 10 14 10 20===1
2 5 7 10 0 10===1
2 3 5 8 0 10===1
2 2 4 6 0 10===1
2 2 5 7 0 10===1
2 3 7 10 0 10===1
2 3 4 8 0 10===1
2 6 13 17 10 20===1
2 10 11 13 10 20===1
2 8 9 10 10 20===1
2 2 3 6 0 10===1
2 2 2 5 0 10===1
2 7 9 13 0 10===1
2 5 7 8 0 10===1
2 3 4 8 0 10===1
2 6 12 16 10 20===1
2 10 12 16 10 20===1
2 5 8 11 0 10===1
2 3 5 8 0 10===1
2 2 4 7 0 10===1
2 7 8 11 0 10===1
2 6 7 9 0 10===1
2 6 6 8 0 10===1
2 8 12 16 10 20===1
2 11 12 16 10 20===1
2 5 8 11 0 10===1
2 3 5 8 0 10===1
2 2 4 7 0 10===1
2 6 8 13 0 10===1
2 7 10 17 0 10===1
2 8 10 13 10 20===1
2 13 19 25 10 20===1
2 13 17 20 10 20===1
2 8 10 13 10 20===1
2 3 5 10 0 10===1
2 2 4 7 0 10===1
2 6 7 11 0 10===1
2 7 10 15 0 10===1
2 7 9 11 10 20===1
2 10 16 22 10 20===1
2 11 15 17 10 20===1
2 8 10 13 10 20===1
2 3 5 10 0 10===1
2 3 4 7 0 10===1
2 2 4 6 0 10===1
2 2 4 6 0 10===1
2 6 6 7 0 10===1
2 7 12 17 10 20===1
2 10 12 17 10 20===1
2 3 8 13 0 10===1
2 3 4 6 0 10===1
2 3 5 6 0 10===1
2 6 9 13 0 10===1
2 5 7 9 0 10===1
2 5 5 7 0 10===1
2 7 10 14 10 20===1
2 8 9 14 0 10===1
2 3 7 9 0 10===1
2 3 5 8 0 10===1
2 2 4 6 0 10===1
2 6 7 10 0 10===1
2 5 8 14 0 10===1
2 7 8 11 0 10===1
2 9 13 17 10 20===1
2 10 13 17 10 20===1
2 8 9 10 10 20===1
2 1 3 8 0 10===1
2 2 3 6 0 10===1
2 10 17 26 10 20===1
2 10 13 17 10 20===1
2 5 6 10 0 10===1
2 7 14 22 10 20===1
2 16 18 22 10 20===1
2 8 16 21 10 20===1
2 5 7 15 0 10===1
2 5 6 9 0 10===1
2 9 17 26 10 20===1
2 9 13 18 10 20===1
2 6 6 11 0 10===1
2 7 14 21 10 20===1
2 16 18 21 10 20===1
2 8 16 21 10 20===1
2 5 7 15 0 10===1
2 3 6 9 0 10===1
2 6 8 11 0 10===1
2 5 7 8 0 10===1
2 3 5 8 0 10===1
2 6 11 16 10 20===1
2 10 12 16 10 20===1
2 5 8 11 0 10===1
2 3 5 8 0 10===1
2 2 4 7 0 10===1
2 7 9 13 0 10===1
2 5 7 8 0 10===1
2 3 4 8 0 10===1
2 6 11 16 10 20===1
2 11 12 16 10 20===1
2 5 8 11 0 10===1
2 3 5 8 0 10===1
2 2 4 7 0 10===1
2 7 9 13 0 10===1
2 6 7 9 0 10===1
2 6 6 8 0 10===1
2 8 13 18 10 20===1
2 11 12 18 10 20===1
2 5 8 11 0 10===1
2 3 5 8 0 10===1
2 2 4 6 0 10===1
2 7 8 11 0 10===1
2 6 7 8 0 10===1
2 5 5 8 0 10===1
2 6 11 16 10 20===1
2 11 13 16 10 20===1
2 5 8 11 0 10===1
2 3 5 8 0 10===1
2 2 5 7 0 10===1
2 8 13 22 10 20===1
2 7 8 10 0 10===1
2 6 6 8 0 10===1
2 6 12 17 10 20===1
2 14 15 18 10 20===1
2 6 12 15 10 20===1
2 7 8 14 0 10===1
2 6 7 10 0 10===1
2 7 8 11 0 10===1
2 6 7 9 0 10===1
2 6 6 8 0 10===1
2 8 12 15 10 20===1
2 10 11 15 10 20===1
2 5 7 10 0 10===1
2 3 5 8 0 10===1
2 2 4 7 0 10===1
2 8 13 23 10 20===1
2 6 8 10 0 10===1
2 6 6 8 0 10===1
2 7 12 18 10 20===1
2 13 14 18 10 20===1
2 6 12 15 10 20===1
2 6 8 14 0 10===1
2 7 8 11 0 10===1
2 3 4 6 0 10===1
2 3 5 7 0 10===1
2 6 7 8 0 10===1
2 6 13 20 10 20===1
2 13 14 20 10 20===1
2 5 9 14 0 10===1
2 5 5 6 0 10===1
2 5 6 7 0 10===1
2 3 6 13 0 10===1
2 5 8 10 0 10===1
2 8 9 10 10 20===1
2 10 15 20 10 20===1
2 9 11 15 10 20===1
2 9 14 18 10 20===1
2 15 17 20 10 20===1
2 5 14 20 10 20===1
2 5 7 14 0 10===1
2 5 9 13 10 20===1
2 10 14 17 10 20===1
2 16 23 29 10 20===1
2 11 16 29 10 20===1
2 11 16 20 10 20===1
2 9 12 15 10 20===1
2 7 13 21 10 20===1
2 5 7 14 0 10===1
2 6 8 11 0 10===1
2 8 9 10 0 10===1
2 10 16 20 10 20===1
2 10 13 17 10 20===1
2 10 15 17 10 20===1
2 15 19 23 10 20===1
2 7 18 24 10 20===1
2 3 6 13 0 10===1
2 3 8 13 0 10===1
2 10 13 17 10 20===1
2 16 22 29 10 20===1
2 10 16 29 10 20===1
2 10 16 21 10 20===1
2 9 13 15 10 20===1
2 7 13 21 10 20===1
2 7 11 16 10 20===1
2 3 4 7 0 10===1
2 5 5 9 0 10===1
2 9 22 28 10 20===1
2 13 17 22 10 20===1
2 13 15 22 10 20===1
2 15 22 34 10 20===1
2 13 27 36 10 20===1
2 7 8 15 0 10===1
2 7 9 11 0 10===1
2 8 9 10 0 10===1
2 10 16 20 10 20===1
2 11 15 20 10 20===1
2 11 16 18 10 20===1
2 14 20 29 10 20===1
2 8 22 30 10 20===1
2 5 6 13 0 10===1
2 5 8 10 0 10===1
2 7 8 10 0 10===1
2 9 14 20 10 20===1
2 8 11 15 10 20===1
2 8 11 16 10 20===1
2 13 17 21 10 20===1
2 5 14 20 10 20===1
2 6 7 14 0 10===1
2 6 9 11 0 10===1
2 8 9 10 0 10===1
2 10 16 20 10 20===1
2 10 13 18 10 20===1
2 10 15 17 10 20===1
2 14 19 26 10 20===1
2 8 20 28 10 20===1
2 2 4 9 0 10===1
2 3 7 10 0 10===1
2 8 8 10 0 10===1
2 10 16 20 10 20===1
2 10 12 18 10 20===1
2 10 15 20 10 20===1
2 14 17 21 10 20===1
2 3 14 21 10 20===1
2 5 7 13 0 10===1
2 5 9 11 10 20===1
2 10 12 17 10 20===1
2 15 22 28 10 20===1
2 11 16 28 10 20===1
2 11 17 21 10 20===1
2 14 15 16 10 20===1
2 9 15 21 10 20===1
2 5 9 15 10 20===1
2 3 5 8 0 10===1
2 3 6 10 0 10===1
2 10 22 26 10 20===1
2 14 17 23 10 20===1
2 14 16 21 10 20===1
2 14 22 26 10 20===1
2 8 19 28 10 20===1
2 5 6 11 0 10===1
2 5 7 10 0 10===1
2 8 10 13 10 20===1
2 8 16 22 10 20===1
2 5 10 23 0 10===1
2 5 13 17 10 20===1
2 3 8 16 0 10===1
2 3 8 11 0 10===1
2 9 10 15 10 20===1
2 15 17 20 10 20===1
2 11 14 18 10 20===1
2 11 14 16 10 20===1
2 13 17 25 10 20===1
2 7 18 26 10 20===1
2 3 6 10 0 10===1
2 3 7 10 0 10===1
2 9 10 13 0 10===1
2 11 16 22 10 20===1
2 10 11 15 10 20===1
2 10 15 21 10 20===1
2 15 17 20 10 20===1
2 3 14 21 10 20===1
2 5 6 13 0 10===1
2 5 8 11 0 10===1
2 8 9 10 10 20===1
2 10 15 20 10 20===1
2 9 11 15 10 20===1
2 9 14 18 10 20===1
2 15 18 20 10 20===1
2 6 15 21 10 20===1
2 6 7 14 0 10===1
2 7 9 11 0 10===1
2 8 9 10 0 10===1
2 10 16 20 10 20===1
2 11 15 20 10 20===1
2 11 15 17 10 20===1
2 14 20 28 10 20===1
2 8 21 29 10 20===1
2 7 10 16 10 20===1
2 5 5 7 0 10===1
2 5 6 10 0 10===1
2 10 23 30 10 20===1
2 13 16 23 10 20===1
2 11 15 21 10 20===1
2 15 22 33 10 20===1
2 9 23 33 10 20===1
2 6 7 14 0 10===1
2 6 9 11 0 10===1
2 8 9 10 0 10===1
2 10 16 20 10 20===1
2 10 14 18 10 20===1
2 10 15 17 10 20===1
2 15 20 25 10 20===1
2 7 20 28 10 20===1
2 3 5 10 0 10===1
2 3 7 10 0 10===1
2 9 9 11 10 20===1
2 11 16 21 10 20===1
2 10 11 16 10 20===1
2 10 15 20 10 20===1
2 15 17 20 10 20===1
2 3 14 20 10 20===1
2 6 7 14 0 10===1
2 6 9 11 0 10===1
2 8 9 10 0 10===1
2 10 16 20 10 20===1
2 10 14 18 10 20===1
2 10 15 17 10 20===1
2 15 19 25 10 20===1
2 7 19 26 10 20===1
2 3 8 15 0 10===1
2 3 8 10 0 10===1
2 8 9 13 0 10===1
2 13 17 20 10 20===1
2 10 14 20 10 20===1
2 10 13 15 10 20===1
2 11 18 29 10 20===1
2 8 21 30 10 20===1
2 6 7 14 0 10===1
2 6 9 11 0 10===1
2 8 9 10 0 10===1
2 10 16 20 10 20===1
2 10 14 20 10 20===1
2 10 15 17 10 20===1
2 15 20 26 10 20===1
2 8 20 28 10 20===1
2 7 11 16 10 20===1
2 5 6 7 0 10===1
2 5 5 10 0 10===1
2 10 22 30 10 20===1
2 13 16 23 10 20===1
2 13 15 20 10 20===1
2 14 21 33 10 20===1
2 10 24 33 10 20===1
2 6 7 14 0 10===1
2 6 9 11 0 10===1
2 8 9 11 0 10===1
2 9 16 20 10 20===1
2 11 14 18 10 20===1
2 11 15 17 10 20===1
2 15 20 25 10 20===1
2 7 19 28 10 20===1
2 3 6 13 0 10===1
2 3 8 13 0 10===1
2 10 13 17 10 20===1
2 16 22 29 10 20===1
2 10 16 29 10 20===1
2 10 16 21 10 20===1
2 10 13 16 10 20===1
2 8 14 22 10 20===1
2 3 5 14 0 10===1
2 5 8 10 0 10===1
2 8 9 13 0 10===1
2 13 16 20 10 20===1
2 9 12 17 10 20===1
2 9 14 16 10 20===1
2 14 17 21 10 20===1
2 6 16 22 10 20===1
2 7 8 15 0 10===1
2 8 9 11 0 10===1
2 8 8 10 0 10===1
2 10 16 20 10 20===1
2 11 16 21 10 20===1
2 11 15 18 10 20===1
2 13 21 31 10 20===1
2 8 22 32 10 20===1
2 6 7 14 0 10===1
2 6 9 11 0 10===1
2 8 9 10 0 10===1
2 10 16 20 10 20===1
2 10 14 20 10 20===1
2 10 15 17 10 20===1
2 14 20 28 10 20===1
2 8 21 29 10 20===1
2 5 7 13 0 10===1
2 5 10 14 10 20===1
2 10 14 18 10 20===1
2 16 22 29 10 20===1
2 10 15 28 10 20===1
2 10 16 21 10 20===1
2 11 14 15 10 20===1
2 7 14 21 10 20===1
2 3 6 13 0 10===1
2 3 8 11 10 20===1
2 10 12 17 10 20===1
2 15 22 29 10 20===1
2 10 16 29 10 20===1
2 10 17 21 10 20===1
2 13 14 15 10 20===1
2 7 14 22 10 20===1
2 5 7 11 0 10===1
2 5 8 10 0 10===1
2 9 10 14 10 20===1
2 11 16 21 10 20===1
2 10 11 15 10 20===1
2 11 16 21 10 20===1
2 16 19 21 10 20===1
2 3 14 21 10 20===1
2 5 6 11 0 10===1
2 5 8 10 0 10===1
2 8 10 13 10 20===1
2 8 16 22 10 20===1
2 5 9 23 0 10===1
2 5 13 17 10 20===1
2 10 12 16 10 20===1
2 8 15 20 10 20===1
2 6 10 15 10 20===1
2 3 6 8 0 10===1
2 3 6 10 0 10===1
2 10 21 28 10 20===1
2 14 17 22 10 20===1
2 14 16 22 10 20===1
2 14 24 32 10 20===1
2 9 22 32 10 20===1
2 3 6 9 0 10===1
2 7 13 17 10 20===1
2 13 15 17 10 20===1
2 13 16 20 10 20===1
2 15 20 28 10 20===1
2 7 10 15 10 20===1
2 7 8 11 0 10===1
2 5 6 7 0 10===1
2 1 1 2 0 10===1
2 2 6 10 0 10===1
2 5 7 9 0 10===1
2 5 11 16 10 20===1
2 8 11 16 0 10===1
2 6 6 9 0 10===1
2 5 5 6 0 10===1
2 5 5 7 0 10===1
2 6 6 9 0 10===1
2 9 13 15 10 20===1
2 6 13 15 10 20===1
2 6 7 11 0 10===1
2 8 11 14 10 20===1
2 8 11 16 0 10===1
2 7 14 20 10 20===1
2 7 13 20 10 20===1
2 5 5 9 0 10===1
2 9 13 16 10 20===1
2 5 12 15 10 20===1
2 5 8 10 0 10===1
2 5 8 11 0 10===1
2 5 10 14 10 20===1
2 6 11 14 10 20===1
2 6 9 11 0 10===1
2 5 6 9 0 10===1
2 9 13 15 10 20===1
2 5 12 15 10 20===1
2 5 8 10 0 10===1
2 7 10 13 10 20===1
2 7 11 16 0 10===1
2 6 14 20 10 20===1
2 6 12 20 0 10===1
2 2 2 3 0 10===1
2 3 6 9 0 10===1
2 6 6 8 0 10===1
2 6 8 10 0 10===1
2 6 10 13 10 20===1
2 2 4 6 0 10===1
2 3 3 5 0 10===1
2 3 3 5 0 10===1
2 3 4 7 0 10===1
2 3 7 11 10 20===1
2 10 13 17 10 20===1
2 13 15 20 10 20===1
2 6 10 16 10 20===1
2 2 5 8 0 10===1
2 2 4 8 0 10===1
2 3 5 6 0 10===1
2 3 4 7 0 10===1
2 2 8 15 10 20===1
2 11 12 15 10 20===1
2 10 13 17 10 20===1
2 11 14 16 10 20===1
2 2 6 11 0 10===1
2 3 3 6 0 10===1
2 2 3 6 0 10===1
2 2 2 3 0 10===1
2 3 6 9 0 10===1
2 7 7 8 0 10===1
2 7 10 14 10 20===1
2 9 13 17 10 20===1
2 3 5 9 0 10===1
2 2 2 3 0 10===1
2 2 3 6 0 10===1
2 2 4 7 0 10===1
2 5 9 13 0 10===1
2 3 9 13 10 20===1
2 3 4 8 0 10===1
2 2 7 10 0 10===1
2 2 6 10 0 10===1
2 5 7 11 0 10===1
2 5 8 9 0 10===1
2 5 5 9 0 10===1
2 5 6 9 0 10===1
2 7 9 11 0 10===1
2 7 10 15 0 10===1
2 9 10 15 10 20===1
2 3 5 9 0 10===1
2 3 4 7 0 10===1
2 2 5 7 0 10===1
2 3 5 7 0 10===1
2 7 13 16 10 20===1
2 6 13 15 10 20===1
2 6 9 11 0 10===1
2 6 8 11 0 10===1
2 6 9 11 10 20===1
2 6 9 11 10 20===1
2 6 8 10 0 10===1
2 3 6 8 0 10===1
2 7 16 21 10 20===1
2 17 20 23 10 20===1
2 15 17 20 10 20===1
2 13 19 28 10 20===1
2 8 9 13 0 10===1
2 7 9 11 0 10===1
2 7 9 13 0 10===1
2 2 2 2 0 10===1
2 2 6 9 0 10===1
2 6 7 8 0 10===1
2 6 9 13 0 10===1
2 7 11 15 10 20===1
2 3 5 7 0 10===1
2 3 3 5 0 10===1
2 3 4 7 0 10===1
2 1 4 11 0 10===1
2 2 10 16 10 20===1
2 2 6 10 0 10===1
2 2 5 9 0 10===1
2 5 7 11 0 10===1
2 5 11 18 10 20===1
2 9 11 17 10 20===1
2 6 12 17 10 20===1
2 2 3 6 0 10===1
2 2 7 10 0 10===1
2 5 8 10 0 10===1
2 5 11 16 10 20===1
2 7 9 13 0 10===1
2 7 11 13 10 20===1
2 3 6 11 0 10===1
2 7 8 9 0 10===1
2 3 3 6 0 10===1
2 6 8 10 0 10===1
2 7 8 10 0 10===1
2 9 11 14 10 20===1
2 6 11 15 10 20===1
2 5 6 7 0 10===1
2 3 4 6 0 10===1
2 6 6 6 0 10===1
2 2 3 6 0 10===1
2 2 7 10 0 10===1
2 5 7 9 0 10===1
2 5 7 13 0 10===1
2 1 3 7 0 10===1
2 2 4 8 0 10===1
2 2 4 7 0 10===1
2 2 4 8 0 10===1
2 5 6 9 0 10===1
2 9 12 15 10 20===1
2 5 12 15 10 20===1
2 5 7 10 0 10===1
2 6 9 13 0 10===1
2 6 10 14 10 20===1
2 7 11 15 10 20===1
2 7 9 11 10 20===1
2 2 2 3 0 10===1
2 3 10 16 10 20===1
2 5 9 11 0 10===1
2 5 8 11 0 10===1
2 6 7 9 0 10===1
2 6 7 8 0 10===1
2 3 4 6 0 10===1
2 6 7 10 0 10===1
2 2 2 5 0 10===1
2 5 9 13 10 20===1
2 6 7 9 0 10===1
2 5 9 15 0 10===1
2 5 6 11 0 10===1
2 1 3 5 0 10===1
2 3 4 6 0 10===1
2 2 6 10 0 10===1
2 5 5 6 0 10===1
2 5 10 14 10 20===1
2 7 10 15 10 20===1
2 5 5 7 0 10===1
2 3 5 7 0 10===1
2 6 9 14 10 20===1
2 8 10 13 10 20===1
2 9 11 14 10 20===1
2 2 4 7 0 10===1
2 3 7 13 0 10===1
2 7 8 11 0 10===1
2 6 10 16 0 10===1
2 6 8 11 0 10===1
2 3 4 8 0 10===1
2 5 5 7 0 10===1
2 1 3 7 0 10===1
2 2 2 3 0 10===1
2 2 6 9 0 10===1
2 5 6 8 0 10===1
2 5 9 11 10 20===1
2 3 9 11 10 20===1
2 3 3 5 0 10===1
2 5 5 6 0 10===1
2 3 4 6 0 10===1
2 2 2 6 0 10===1
2 6 8 10 0 10===1
2 5 6 8 0 10===1
2 5 11 15 10 20===1
2 8 11 16 0 10===1
2 5 6 8 0 10===1
2 3 3 5 0 10===1
2 2 4 7 0 10===1
2 2 3 6 0 10===1
2 2 7 10 0 10===1
2 3 6 8 0 10===1
2 3 9 16 0 10===1
2 2 3 6 0 10===1
2 2 3 6 0 10===1
2 2 4 5 0 10===1
2 2 5 10 0 10===1
2 2 2 3 0 10===1
2 3 6 10 0 10===1
2 5 6 8 0 10===1
2 5 9 11 10 20===1
2 6 10 14 0 10===1
2 3 5 7 0 10===1
2 5 5 5 0 10===1
2 3 4 6 0 10===1
2 5 6 8 0 10===1
2 6 9 13 10 20===1
2 11 14 17 10 20===1
2 10 14 18 10 20===1
2 6 12 20 10 20===1
2 6 8 10 0 10===1
2 3 5 7 0 10===1
2 3 5 8 0 10===1
2 2 5 8 0 10===1
2 8 17 21 10 20===1
2 16 20 25 10 20===1
2 18 22 25 10 20===1
2 8 17 28 10 20===1
2 7 9 11 0 10===1
2 3 5 10 0 10===1
2 5 10 16 0 10===1
2 3 6 11 0 10===1
2 11 15 17 10 20===1
2 7 14 17 10 20===1
2 7 11 14 10 20===1
2 7 10 14 10 20===1
2 7 11 14 10 20===1
2 7 12 15 10 20===1
2 7 9 10 10 20===1
2 3 4 6 0 10===1
2 5 8 11 10 20===1
2 10 13 17 10 20===1
2 9 13 17 10 20===1
2 3 9 16 10 20===1
2 5 7 9 0 10===1
2 0 4 7 0 10===1
2 0 4 7 0 10===1
2 2 2 3 0 10===1
2 3 6 9 0 10===1
2 6 7 9 0 10===1
2 6 10 13 10 20===1
2 3 9 14 0 10===1
2 3 3 5 0 10===1
2 5 5 5 0 10===1
2 5 5 6 0 10===1
2 2 2 3 0 10===1
2 3 6 9 0 10===1
2 6 7 9 0 10===1
2 6 9 11 10 20===1
2 3 9 14 0 10===1
2 3 3 5 0 10===1
2 5 5 6 0 10===1
2 5 5 6 0 10===1
2 2 3 5 0 10===1
2 5 8 10 0 10===1
2 7 8 10 0 10===1
2 8 11 14 10 20===1
2 5 10 15 10 20===1
2 5 5 6 0 10===1
2 5 5 6 0 10===1
2 6 6 6 0 10===1
2 5 6 8 0 10===1
2 8 11 14 10 20===1
2 6 13 17 10 20===1
2 3 6 11 0 10===1
2 10 14 16 10 20===1
2 8 10 14 10 20===1
2 7 11 16 0 10===1
2 7 9 11 10 20===1
2 5 6 9 0 10===1
2 5 11 16 10 20===1
2 6 12 15 10 20===1
2 5 9 13 10 20===1
2 5 7 13 0 10===1
2 5 11 17 10 20===1
2 8 11 14 10 20===1
2 5 8 10 0 10===1
2 5 6 9 0 10===1
2 9 13 15 10 20===1
2 5 12 15 10 20===1
2 5 8 10 0 10===1
2 7 10 13 10 20===1
2 7 11 16 0 10===1
2 6 12 16 10 20===1
2 6 9 13 0 10===1
2 2 2 3 0 10===1
2 3 4 8 0 10===1
2 6 7 8 0 10===1
2 6 9 11 0 10===1
2 9 11 13 10 20===1
2 5 6 9 0 10===1
2 5 5 5 0 10===1
2 3 4 6 0 10===1
2 2 4 10 0 10===1
2 2 6 8 0 10===1
2 5 8 11 0 10===1
2 8 10 14 10 20===1
2 6 10 14 10 20===1
2 2 6 11 0 10===1
2 3 4 7 0 10===1
2 1 4 7 0 10===1
2 3 4 7 0 10===1
