1 0 30 50===0
1 0 8 50===0
1 0 13 50===0
1 0 5 46===0
1 0 0 0===0
1 0 0 0===0
1 0 23 50===0
1 0 8 48===0
1 0 17 50===0
1 0 5 47===0
1 0 15 46===0
1 0 5 44===0
1 0 0 0===0
1 0 0 0===0
1 0 33 50===0
1 0 11 48===0
1 0 31 47===0
1 0 5 45===0
1 0 14 50===0
1 0 3 48===0
1 0 0 0===0
1 0 0 0===0
1 0 33 49===0
1 0 10 49===0
1 0 32 48===0
1 0 8 47===0
1 0 10 49===0
1 0 5 48===0
1 0 0 0===0
1 0 0 0===0
1 0 22 48===0
1 0 8 47===0
1 0 23 50===0
1 0 8 47===0
1 0 0 0===0
1 0 0 0===0
1 0 0 0===0
1 0 0 0===0
1 0 32 49===0
1 0 8 48===0
1 0 27 50===0
1 0 5 48===0
1 0 17 50===0
1 0 3 50===0
1 0 0 0===0
1 0 0 0===0
1 0 27 50===0
1 0 8 50===0
1 0 10 50===0
1 0 5 47===0
1 0 0 0===0
1 0 0 0===0
1 0 0 0===0
1 0 0 0===0
1 0 27 49===0
1 0 5 47===0
1 0 10 50===0
1 0 5 48===0
1 0 0 0===0
1 0 0 0===0
1 0 0 0===0
1 0 0 0===0
1 0 31 47===0
1 0 11 50===0
1 0 32 50===0
1 0 8 49===0
1 0 13 50===0
1 0 5 47===0
1 0 0 0===0
1 0 0 0===0
1 0 19 48===0
1 0 8 48===0
1 0 20 50===0
1 0 5 46===0
1 0 3 47===0
1 0 2 47===0
1 0 0 0===0
1 0 0 0===0
1 0 19 48===0
1 0 5 45===0
1 0 0 0===0
1 0 0 0===0
1 0 0 0===0
1 0 0 0===0
1 0 0 0===0
1 0 0 0===0
1 0 22 48===0
1 0 8 47===0
1 0 23 50===0
1 0 8 47===0
1 0 0 0===0
1 0 0 0===0
1 0 0 0===0
1 0 0 0===0
1 0 32 49===0
1 0 5 47===0
1 0 23 49===0
1 0 5 49===0
1 0 10 50===0
1 0 3 49===0
1 0 0 0===0
1 0 0 0===0
1 0 31 48===0
1 0 8 49===0
1 0 25 49===0
1 0 5 46===0
1 0 17 49===0
1 0 3 48===0
1 0 0 0===0
1 0 0 0===0
1 0 32 49===0
1 0 10 49===0
1 0 24 46===0
1 0 8 48===0
1 0 26 50===0
1 0 5 45===0
1 0 0 0===0
1 0 0 0===0
1 0 27 49===0
1 0 5 46===0
1 0 10 50===0
1 0 5 48===0
1 0 0 0===0
1 0 0 0===0
1 0 0 0===0
1 0 0 0===0
1 0 25 47===0
1 0 5 43===0
1 0 0 0===0
1 0 0 0===0
1 0 0 0===0
1 0 0 0===0
1 0 0 0===0
1 0 0 0===0
1 0 19 48===0
1 0 8 48===0
1 0 20 50===0
1 0 8 48===0
1 0 0 0===0
1 0 0 0===0
1 0 0 0===0
1 0 0 0===0
1 0 27 49===0
1 0 5 47===0
1 0 10 50===0
1 0 5 48===0
1 0 0 0===0
1 0 0 0===0
1 0 0 0===0
1 0 0 0===0
1 0 29 50===0
1 0 11 49===0
1 0 27 50===0
1 0 8 48===0
1 0 24 46===0
1 0 7 44===0
1 0 6 44===0
1 0 8 46===0
1 0 33 49===0
1 0 13 50===0
1 0 31 48===0
1 0 8 46===0
1 0 13 50===0
1 0 5 45===0
1 0 0 0===0
1 0 0 0===0
1 0 27 49===0
1 0 5 47===0
1 0 10 50===0
1 0 5 48===0
1 0 0 0===0
1 0 0 0===0
1 0 0 0===0
1 0 0 0===0
1 0 22 48===0
1 0 8 47===0
1 0 23 50===0
1 0 8 47===0
1 0 0 0===0
1 0 0 0===0
1 0 0 0===0
1 0 0 0===0
1 0 27 49===0
1 0 8 50===0
1 0 10 50===0
1 0 5 47===0
1 0 0 0===0
1 0 0 0===0
1 0 0 0===0
1 0 0 0===0
1 0 30 50===0
1 0 5 46===0
1 0 23 50===0
1 0 5 46===0
1 0 0 0===0
1 0 0 0===0
1 0 0 0===0
1 0 0 0===0
1 0 30 50===0
1 0 8 50===0
1 0 10 50===0
1 0 5 47===0
1 0 0 0===0
1 0 0 0===0
1 0 0 0===0
1 0 0 0===0
1 0 27 50===0
1 0 5 46===0
1 0 10 50===0
1 0 5 47===0
1 0 0 0===0
1 0 0 0===0
1 0 0 0===0
1 0 0 0===0
1 0 26 49===0
1 0 8 46===0
1 0 23 49===0
1 0 8 47===0
1 0 3 46===0
1 0 2 46===0
1 0 26 48===0
1 0 8 50===0
1 0 13 50===0
1 0 5 46===0
1 0 0 0===0
1 0 0 0===0
1 0 0 0===0
1 0 0 0===0
1 0 33 50===0
1 0 8 50===0
1 0 20 50===0
1 0 5 47===0
1 0 0 0===0
1 0 0 0===0
1 0 0 0===0
1 0 0 0===0
1 0 22 48===0
1 0 8 47===0
1 0 19 48===0
1 0 8 47===0
1 0 0 0===0
1 0 0 0===0
1 0 0 0===0
1 0 0 0===0
1 0 29 49===0
1 0 8 48===0
1 0 27 50===0
1 0 5 47===0
1 0 6 49===0
1 0 3 48===0
1 0 0 0===0
1 0 0 0===0
1 0 17 48===0
1 0 5 47===0
1 0 0 0===0
1 0 0 0===0
1 0 0 0===0
1 0 0 0===0
1 0 0 0===0
1 0 0 0===0
1 0 29 49===0
1 0 8 48===0
1 0 27 50===0
1 0 5 46===0
1 0 6 48===0
1 0 2 47===0
1 0 0 0===0
1 0 0 0===0
1 0 30 50===0
1 0 5 47===0
1 0 10 50===0
1 0 5 48===0
1 0 0 0===0
1 0 0 0===0
1 0 0 0===0
1 0 0 0===0
1 0 19 48===0
1 0 8 48===0
1 0 20 50===0
1 0 8 47===0
1 0 0 0===0
1 0 0 0===0
1 0 0 0===0
1 0 0 0===0
1 0 27 50===0
1 0 8 50===0
1 0 10 50===0
1 0 5 46===0
1 0 0 0===0
1 0 0 0===0
1 0 0 0===0
1 0 0 0===0
1 0 34 50===0
1 0 8 47===0
1 0 34 50===0
1 0 5 47===0
1 0 21 50===0
1 0 3 48===0
1 0 0 0===0
1 0 0 0===0
1 0 33 50===0
1 0 10 49===0
1 0 32 48===0
1 0 8 47===0
1 0 10 49===0
1 0 5 48===0
1 0 0 0===0
1 0 0 0===0
1 0 28 49===0
1 0 8 50===0
1 0 23 50===0
1 0 5 49===0
1 0 0 0===0
1 0 0 0===0
1 0 0 0===0
1 0 0 0===0
1 0 30 50===0
1 0 8 50===0
1 0 13 50===0
1 0 5 47===0
1 0 0 0===0
1 0 0 0===0
1 0 0 0===0
1 0 0 0===0
1 0 31 49===0
1 0 8 47===0
1 0 26 49===0
1 0 7 47===0
1 0 20 50===0
1 0 5 49===0
1 0 0 0===0
1 0 0 0===0
1 0 29 49===0
1 0 8 48===0
1 0 27 50===0
1 0 5 47===0
1 0 10 50===0
1 0 3 48===0
1 0 0 0===0
1 0 0 0===0
1 0 14 50===0
1 0 6 49===0
1 0 0 0===0
1 0 0 0===0
1 0 0 0===0
1 0 0 0===0
1 0 0 0===0
1 0 0 0===0
1 0 33 49===0
1 0 10 49===0
1 0 32 48===0
1 0 8 47===0
1 0 10 49===0
1 0 5 48===0
1 0 0 0===0
1 0 0 0===0
1 0 10 50===0
1 0 6 49===0
1 0 0 0===0
1 0 0 0===0
1 0 0 0===0
1 0 0 0===0
1 0 0 0===0
1 0 0 0===0
1 0 28 49===0
1 0 10 49===0
1 0 26 50===0
1 0 8 46===0
1 0 16 46===0
1 0 5 45===0
1 0 0 0===0
1 0 0 0===0
1 0 26 50===0
1 0 8 49===0
1 0 20 50===0
1 0 5 47===0
1 0 6 48===0
1 0 3 48===0
1 0 0 0===0
1 0 0 0===0
1 0 31 48===0
1 0 8 48===0
1 0 30 50===0
1 0 8 49===0
1 0 20 50===0
1 0 6 49===0
1 0 0 0===0
1 0 0 0===0
1 0 31 47===0
1 0 11 50===0
1 0 33 49===0
1 0 5 45===0
1 0 7 50===0
1 0 3 49===0
1 0 0 0===0
1 0 0 0===0
1 0 31 48===0
1 0 8 48===0
1 0 33 50===0
1 0 5 45===0
1 0 0 0===0
1 0 0 0===0
1 0 0 0===0
1 0 0 0===0
1 0 21 50===0
1 0 6 48===0
1 0 0 0===0
1 0 0 0===0
1 0 0 0===0
1 0 0 0===0
1 0 0 0===0
1 0 0 0===0
1 0 30 46===0
1 0 10 49===0
1 0 32 49===0
1 0 8 48===0
1 0 13 50===0
1 0 5 48===0
1 0 0 0===0
1 0 0 0===0
1 0 33 50===0
1 0 8 50===0
1 0 20 50===0
1 0 5 47===0
1 0 0 0===0
1 0 0 0===0
1 0 0 0===0
1 0 0 0===0
1 0 27 50===0
1 0 8 50===0
1 0 20 50===0
1 0 5 46===0
1 0 0 0===0
1 0 0 0===0
1 0 0 0===0
1 0 0 0===0
1 0 26 49===0
1 0 8 49===0
1 0 17 50===0
1 0 5 48===0
1 0 0 0===0
1 0 0 0===0
1 0 0 0===0
1 0 0 0===0
1 0 27 49===0
1 0 5 46===0
1 0 10 50===0
1 0 5 48===0
1 0 0 0===0
1 0 0 0===0
1 0 0 0===0
1 0 0 0===0
1 -12 -6 1===0
1 -8 -5 -3===0
1 -29 -18 -5===1
1 -32 -20 -4===1
1 -40 -30 -11===1
1 -38 -28 -20===1
1 -48 -41 -25===1
1 -41 -18 -8===1
1 -12 -6 1===0
1 -8 -5 -3===0
1 -30 -19 -6===1
1 -31 -18 -4===1
1 -39 -29 -12===1
1 -39 -27 -19===1
1 -49 -41 -25===1
1 -40 -16 -4===1
1 0 0 0===0
1 0 0 0===0
1 0 26 48===0
1 0 13 46===0
1 0 34 45===0
1 0 25 46===0
1 0 36 47===0
1 0 20 49===0
1 0 6 48===0
1 0 8 48===0
1 0 23 48===0
1 0 10 46===0
1 0 23 44===0
1 0 18 46===0
1 0 31 46===0
1 0 16 49===0
1 0 0 0===0
1 0 0 0===0
1 0 0 0===0
1 0 0 0===0
1 0 0 0===0
1 0 0 0===0
1 0 0 0===0
1 0 0 0===0
1 0 6 47===0
1 0 8 46===0
1 0 27 47===0
1 0 9 42===0
1 0 20 45===0
1 0 18 47===0
1 0 31 46===0
1 0 13 47===0
1 0 0 0===0
1 0 0 0===0
1 0 0 0===0
1 0 0 0===0
1 0 0 0===0
1 0 0 0===0
1 0 0 0===0
1 0 0 0===0
1 0 0 0===0
1 0 0 0===0
1 0 0 0===0
1 0 0 0===0
1 0 0 0===0
1 0 0 0===0
1 0 0 0===0
1 0 0 0===0
1 0 0 0===0
1 0 5 47===0
1 0 22 47===0
1 0 10 44===0
1 0 25 45===0
1 0 23 48===0
1 0 32 47===0
1 0 16 49===0
1 0 0 0===0
1 0 0 0===0
1 0 0 0===0
1 0 0 0===0
1 0 0 0===0
1 0 0 0===0
1 0 0 0===0
1 0 0 0===0
1 0 0 0===0
1 0 0 0===0
1 0 0 0===0
1 0 0 0===0
1 0 0 0===0
1 0 0 0===0
1 0 0 0===0
1 0 0 0===0
1 0 0 0===0
1 0 0 0===0
1 0 0 0===0
1 0 0 0===0
1 0 0 0===0
1 0 0 0===0
1 0 0 0===0
1 0 0 0===0
1 19 24 34===0
1 16 22 26===0
1 11 15 22===0
1 11 17 22===0
1 11 14 21===0
1 7 15 21===0
1 7 12 19===0
1 9 23 32===0
1 0 0 0===0
1 0 3 48===0
1 0 28 47===0
1 0 7 43===0
1 0 29 44===0
1 0 20 44===0
1 0 33 46===0
1 0 16 48===0
1 0 0 0===0
1 0 0 0===0
1 0 0 0===0
1 0 0 0===0
1 0 0 0===0
1 0 0 0===0
1 0 0 0===0
1 0 0 0===0
1 0 13 49===0
1 0 8 47===0
1 0 6 47===0
1 0 8 47===0
1 0 20 43===0
1 0 10 44===0
1 0 24 47===0
1 0 10 46===0
1 0 6 48===0
1 0 14 47===0
1 0 35 48===0
1 0 16 45===0
1 0 34 44===0
1 0 28 47===0
1 0 34 45===0
1 0 22 49===0
1 0 0 0===0
1 0 2 47===0
1 0 22 48===0
1 0 10 45===0
1 0 26 46===0
1 0 21 48===0
1 0 32 46===0
1 0 13 48===0
1 0 6 47===0
1 0 8 46===0
1 0 19 47===0
1 0 7 42===0
1 0 25 46===0
1 0 21 47===0
1 0 31 46===0
1 0 13 49===0
1 0 3 48===0
1 0 5 48===0
1 0 23 48===0
1 0 11 46===0
1 0 22 44===0
1 0 17 46===0
1 0 31 46===0
1 0 16 49===0
1 0 0 0===0
1 0 0 0===0
1 0 0 0===0
1 0 0 0===0
1 0 0 0===0
1 0 0 0===0
1 0 0 0===0
1 0 0 0===0
1 0 0 0===0
1 0 0 0===0
1 0 0 0===0
1 0 0 0===0
1 0 0 0===0
1 0 0 0===0
1 0 0 0===0
1 0 0 0===0
1 0 0 0===0
1 0 0 0===0
1 0 0 0===0
1 0 0 0===0
1 0 0 0===0
1 0 0 0===0
1 0 0 0===0
1 0 0 0===0
1 0 0 0===0
1 0 0 0===0
1 0 0 0===0
1 0 0 0===0
1 0 0 0===0
1 0 0 0===0
1 0 0 0===0
1 0 0 0===0
1 0 0 0===0
1 0 0 0===0
1 0 16 48===0
1 0 8 44===0
1 0 24 46===0
1 0 21 48===0
1 0 34 46===0
1 0 15 48===0
1 0 0 0===0
1 0 0 0===0
1 0 0 0===0
1 0 0 0===0
1 0 0 0===0
1 0 0 0===0
1 0 0 0===0
1 0 0 0===0
1 0 23 47===0
1 0 17 47===0
1 0 34 48===0
1 0 18 45===0
1 0 31 42===0
1 0 28 48===0
1 0 35 46===0
1 0 23 50===0
1 0 0 0===0
1 0 0 0===0
1 0 0 0===0
1 0 0 0===0
1 0 0 0===0
1 0 0 0===0
1 0 0 0===0
1 0 0 0===0
1 0 0 0===0
1 0 0 0===0
1 0 0 0===0
1 0 0 0===0
1 0 0 0===0
1 0 0 0===0
1 0 0 0===0
1 0 0 0===0
1 0 0 0===0
1 0 0 0===0
1 0 26 48===0
1 0 10 46===0
1 0 33 46===0
1 0 20 46===0
1 0 32 44===0
1 0 16 48===0
1 0 32 41===0
1 27 34 39===0
1 25 29 36===0
1 25 31 36===0
1 21 24 33===0
1 17 28 38===0
1 17 24 35===0
1 16 35 48===0
1 0 6 48===0
1 0 8 48===0
1 0 23 49===0
1 0 13 46===0
1 0 28 44===0
1 0 20 46===0
1 0 31 45===0
1 0 16 50===0
1 0 0 0===0
1 0 2 47===0
1 0 19 48===0
1 0 8 44===0
1 0 26 45===0
1 0 21 47===0
1 0 33 46===0
1 0 14 50===0
1 27 32 44===0
1 25 32 38===0
1 21 26 34===0
1 19 27 33===0
1 12 17 28===0
1 14 24 35===0
1 10 17 30===0
1 10 30 43===0
1 27 32 44===0
1 25 32 38===0
1 24 27 34===0
1 21 28 34===0
1 12 17 30===0
1 14 24 34===0
1 13 17 30===0
1 13 31 46===0
1 0 16 48===0
1 0 8 47===0
1 0 10 48===0
1 0 8 46===0
1 0 21 45===0
1 0 10 46===0
1 0 21 47===0
1 0 10 48===0
1 0 0 0===0
1 0 0 0===0
1 0 16 48===0
1 0 11 47===0
1 0 30 46===0
1 0 24 47===0
1 0 33 46===0
1 0 20 50===0
1 0 34 45===0
1 31 38 45===0
1 29 32 39===0
1 28 35 42===0
1 21 25 35===0
1 21 32 43===0
1 18 26 37===0
1 18 36 48===0
1 0 0 0===0
1 0 0 0===0
1 0 0 0===0
1 0 0 0===0
1 0 0 0===0
1 0 0 0===0
1 0 0 0===0
1 0 0 0===0
1 0 0 0===0
1 0 0 0===0
1 0 0 0===0
1 0 0 0===0
1 0 0 0===0
1 0 0 0===0
1 0 0 0===0
1 0 0 0===0
1 0 6 48===0
1 0 8 48===0
1 0 23 49===0
1 0 10 46===0
1 0 26 46===0
1 0 20 47===0
1 0 32 46===0
1 0 16 50===0
1 0 10 48===0
1 0 8 47===0
1 0 23 49===0
1 0 13 46===0
1 0 28 44===0
1 0 20 46===0
1 0 32 46===0
1 0 16 49===0
1 0 3 47===0
1 0 8 47===0
1 0 22 48===0
1 0 10 44===0
1 0 23 46===0
1 0 17 46===0
1 0 32 47===0
1 0 13 49===0
1 0 13 47===0
1 0 8 46===0
1 0 25 48===0
1 0 13 46===0
1 0 30 45===0
1 0 20 46===0
1 0 31 45===0
1 0 16 49===0
1 0 0 0===0
1 0 0 0===0
1 0 0 0===0
1 0 0 0===0
1 0 0 0===0
1 0 0 0===0
1 0 0 0===0
1 0 0 0===0
1 0 0 0===0
1 0 0 0===0
1 0 19 48===0
1 0 7 43===0
1 0 24 46===0
1 0 21 47===0
1 0 34 46===0
1 0 17 50===0
1 0 0 0===0
1 0 0 0===0
1 0 0 0===0
1 0 0 0===0
1 0 0 0===0
1 0 0 0===0
1 0 0 0===0
1 0 0 0===0
1 0 7 50===0
1 0 9 50===0
1 0 0 0===0
1 0 5 47===0
1 0 18 45===0
1 0 10 46===0
1 0 22 48===0
1 0 10 46===0
1 0 0 0===0
1 0 0 0===0
1 0 0 0===0
1 0 0 0===0
1 0 0 0===0
1 0 0 0===0
1 0 0 0===0
1 0 0 0===0
1 0 16 49===0
1 0 11 48===0
1 0 0 0===0
1 0 0 0===0
1 0 12 46===0
1 0 8 44===0
1 0 18 47===0
1 35 40 45===0
1 0 0 0===0
1 0 0 0===0
1 0 0 0===0
1 0 0 0===0
1 0 0 0===0
1 0 0 0===0
1 0 0 0===0
1 0 3 48===0
1 0 16 48===0
1 0 11 48===0
1 0 0 0===0
1 0 0 0===0
1 0 16 46===0
1 0 8 44===0
1 0 21 48===0
1 34 40 45===0
1 0 0 0===0
1 0 0 0===0
1 0 0 0===0
1 0 0 0===0
1 0 0 0===0
1 0 0 0===0
1 0 0 0===0
1 0 0 0===0
1 0 0 0===0
1 0 0 0===0
1 0 0 0===0
1 0 0 0===0
1 0 0 0===0
1 0 0 0===0
1 0 0 0===0
1 0 2 47===0
1 0 0 0===0
1 0 0 0===0
1 0 0 0===0
1 0 0 0===0
1 0 0 0===0
1 0 0 0===0
1 0 0 0===0
1 0 0 0===0
1 0 0 0===0
1 0 0 0===0
1 0 0 0===0
1 0 0 0===0
1 0 0 0===0
1 0 0 0===0
1 0 0 0===0
1 0 5 47===0
1 0 0 0===0
1 0 0 0===0
1 0 0 0===0
1 0 0 0===0
1 0 0 0===0
1 0 0 0===0
1 0 0 0===0
1 0 0 0===0
1 0 10 49===0
1 0 8 48===0
1 0 0 0===0
1 0 0 0===0
1 0 3 46===0
1 0 8 46===0
1 0 17 45===0
1 35 40 45===0
1 0 0 0===0
1 0 3 48===0
1 0 0 0===0
1 0 0 0===0
1 0 0 0===0
1 0 0 0===0
1 0 0 0===0
1 0 0 0===0
1 0 7 49===0
1 0 9 49===0
1 0 0 0===0
1 0 0 0===0
1 0 0 0===0
1 0 3 49===0
1 0 7 49===0
1 0 6 49===0
1 0 0 0===0
1 0 0 0===0
1 0 0 0===0
1 0 0 0===0
1 0 6 43===0
1 0 23 44===0
1 0 0 0===0
1 0 0 0===0
1 0 0 0===0
1 0 0 0===0
1 0 0 0===0
1 0 0 0===0
1 0 0 0===0
1 0 3 48===0
1 0 0 0===0
1 0 0 0===0
1 0 0 0===0
1 0 0 0===0
1 0 0 0===0
1 0 0 0===0
1 0 0 0===0
1 0 3 48===0
1 0 0 0===0
1 0 0 0===0
1 0 0 0===0
1 0 0 0===0
1 0 0 0===0
1 0 0 0===0
1 0 0 0===0
1 0 2 47===0
1 0 0 0===0
1 0 0 0===0
1 0 0 0===0
1 0 0 0===0
1 0 0 0===0
1 0 0 0===0
1 0 0 0===0
1 0 0 0===0
1 0 0 0===0
1 0 0 0===0
1 0 0 0===0
1 0 0 0===0
1 0 0 0===0
1 0 0 0===0
1 0 0 0===0
1 0 3 48===0
1 0 0 0===0
1 0 0 0===0
1 0 0 0===0
1 0 0 0===0
1 0 0 0===0
1 0 0 0===0
1 0 0 0===0
1 0 0 0===0
1 0 0 0===0
1 0 0 0===0
1 0 0 0===0
1 0 0 0===0
1 0 0 0===0
1 0 0 0===0
1 0 0 0===0
1 0 2 47===0
1 0 10 49===0
1 0 6 49===0
1 0 0 0===0
1 0 0 0===0
1 0 0 0===0
1 0 0 0===0
1 0 0 0===0
1 0 10 46===0
1 0 0 0===0
1 0 0 0===0
1 0 0 0===0
1 0 0 0===0
1 0 0 0===0
1 0 0 0===0
1 0 0 0===0
1 0 2 47===0
1 0 0 0===0
1 0 0 0===0
1 0 0 0===0
1 0 0 0===0
1 0 0 0===0
1 0 0 0===0
1 0 0 0===0
1 0 0 0===0
1 0 0 0===0
1 0 0 0===0
1 0 0 0===0
1 0 0 0===0
1 0 0 0===0
1 0 0 0===0
1 0 0 0===0
1 0 0 0===0
1 0 17 48===0
1 0 11 48===0
1 0 0 0===0
1 0 0 0===0
1 0 12 46===0
1 0 8 44===0
1 0 21 47===0
1 34 40 45===0
1 0 0 0===0
1 0 0 0===0
1 0 0 0===0
1 0 0 0===0
1 0 0 0===0
1 0 0 0===0
1 0 0 0===0
1 0 8 47===0
1 0 0 0===0
1 0 0 0===0
1 0 0 0===0
1 0 0 0===0
1 0 0 0===0
1 0 0 0===0
1 0 0 0===0
1 0 2 46===0
1 0 0 0===0
1 0 0 0===0
1 0 0 0===0
1 0 0 0===0
1 0 0 0===0
1 0 0 0===0
1 0 0 0===0
1 0 2 47===0
1 0 13 49===0
1 0 8 47===0
1 0 0 0===0
1 0 0 0===0
1 0 12 46===0
1 0 8 44===0
1 0 18 47===0
1 36 41 46===0
1 0 14 49===0
1 0 8 49===0
1 0 0 0===0
1 0 0 0===0
1 0 9 46===0
1 0 8 45===0
1 0 21 47===0
1 34 40 45===0
1 0 0 0===0
1 0 0 0===0
1 0 0 0===0
1 0 0 0===0
1 0 0 0===0
1 0 0 0===0
1 0 0 0===0
1 0 3 50===0
1 0 6 49===0
1 0 8 48===0
1 0 0 0===0
1 0 0 0===0
1 0 0 0===0
1 0 3 49===0
1 0 9 45===0
1 0 19 46===0
1 0 0 0===0
1 0 0 0===0
1 0 0 0===0
1 0 0 0===0
1 0 0 0===0
1 0 0 0===0
1 0 0 0===0
1 0 0 0===0
1 28 34 44===0
1 0 18 43===0
1 0 28 43===0
1 0 25 44===0
1 18 23 37===0
1 0 23 45===0
1 24 30 42===0
1 0 21 48===0
1 0 39 50===0
1 0 17 50===0
1 0 40 47===0
1 0 25 45===0
1 26 31 39===0
1 0 23 46===0
1 29 36 48===0
1 0 23 49===0
1 0 0 0===0
1 0 0 0===0
1 0 0 0===0
1 0 0 0===0
1 0 0 0===0
1 0 0 0===0
1 0 0 0===0
1 0 0 0===0
1 0 0 0===0
1 0 0 0===0
1 0 0 0===0
1 0 0 0===0
1 0 0 0===0
1 0 0 0===0
1 0 0 0===0
1 0 0 0===0
1 0 0 0===0
1 0 0 0===0
1 0 0 0===0
1 0 0 0===0
1 0 0 0===0
1 0 0 0===0
1 0 0 0===0
1 0 0 0===0
1 0 36 50===0
1 0 14 49===0
1 0 39 49===0
1 0 21 46===0
1 36 39 46===0
1 0 19 49===0
1 0 41 49===0
1 0 14 48===0
1 0 29 49===0
1 0 8 48===0
1 0 9 44===0
1 0 11 45===0
1 0 38 45===0
1 0 16 49===0
1 0 37 50===0
1 0 7 43===0
1 0 40 46===0
1 0 17 50===0
1 0 37 46===0
1 0 15 42===0
1 36 38 45===0
1 0 22 50===0
1 32 35 43===0
1 0 20 50===0
1 0 43 49===0
1 0 20 49===0
1 42 43 46===0
1 0 29 45===0
1 29 32 37===0
1 0 25 47===0
1 39 42 46===0
1 0 28 50===0
1 0 0 0===0
1 0 0 0===0
1 0 0 0===0
1 0 0 0===0
1 0 0 0===0
1 0 0 0===0
1 0 0 0===0
1 0 0 0===0
1 0 23 48===0
1 0 5 46===0
1 0 13 46===0
1 0 8 47===0
1 0 33 45===0
1 0 13 48===0
1 0 32 49===0
1 0 10 48===0
1 0 0 0===0
1 0 0 0===0
1 0 0 0===0
1 0 0 0===0
1 0 0 0===0
1 0 0 0===0
1 0 0 0===0
1 0 0 0===0
1 27 32 42===0
1 0 26 45===0
1 20 27 43===0
1 20 32 41===0
1 17 22 33===0
1 17 33 44===0
1 21 28 40===0
1 0 35 46===0
1 0 39 50===0
1 0 14 47===0
1 0 39 49===0
1 0 25 45===0
1 28 31 41===0
1 0 19 47===0
1 38 40 48===0
1 0 18 48===0
1 0 0 0===0
1 0 0 0===0
1 0 0 0===0
1 0 0 0===0
1 0 0 0===0
1 0 0 0===0
1 0 0 0===0
1 0 0 0===0
1 40 42 47===0
1 0 24 47===0
1 33 36 43===0
1 0 30 46===0
1 38 39 41===0
1 0 20 45===0
1 0 39 45===0
1 0 26 46===0
1 0 23 49===0
1 0 5 45===0
1 0 28 48===0
1 0 16 45===0
1 0 35 44===0
1 0 19 48===0
1 0 38 47===0
1 0 10 47===0
1 0 28 47===0
1 0 21 46===0
1 0 25 47===0
1 0 25 47===0
1 29 33 42===0
1 28 39 49===0
1 26 33 43===0
1 0 12 46===0
1 0 0 0===0
1 0 0 0===0
1 0 0 0===0
1 0 0 0===0
1 0 0 0===0
1 0 0 0===0
1 0 0 0===0
1 0 0 0===0
1 0 39 49===0
1 0 27 46===0
1 33 37 43===0
1 33 37 42===0
1 32 33 37===0
1 0 29 46===0
1 36 40 48===0
1 0 28 46===0
1 0 36 48===0
1 0 24 45===0
1 0 35 46===0
1 0 32 47===0
1 0 29 43===0
1 0 33 48===0
1 28 34 47===0
1 0 27 44===0
1 0 0 0===0
1 0 0 0===0
1 0 0 0===0
1 0 0 0===0
1 0 0 0===0
1 0 0 0===0
1 0 0 0===0
1 0 0 0===0
1 0 35 50===0
1 0 15 45===0
1 0 6 48===0
1 40 44 47===0
1 29 35 45===0
1 29 40 48===0
1 0 32 46===0
1 0 24 49===0
1 0 40 50===0
1 0 14 48===0
1 0 40 50===0
1 0 22 49===0
1 0 37 43===0
1 0 22 48===0
1 0 37 46===0
1 0 11 49===0
1 0 39 49===0
1 0 16 47===0
1 0 42 50===0
1 0 23 48===0
1 32 36 45===0
1 0 21 48===0
1 0 40 49===0
1 0 17 48===0
1 0 26 49===0
1 0 16 46===0
1 0 25 47===0
1 39 43 46===0
1 0 34 41===0
1 35 42 50===0
1 32 38 46===0
1 0 24 50===0
1 0 39 49===0
1 0 17 48===0
1 0 39 49===0
1 0 21 48===0
1 33 36 45===0
1 0 21 48===0
1 0 39 48===0
1 0 16 47===0
1 38 41 46===0
1 0 20 46===0
1 35 38 45===0
1 0 36 46===0
1 33 33 36===0
1 0 25 47===0
1 29 33 39===0
1 0 25 49===0
1 0 0 0===0
1 0 0 0===0
1 0 0 0===0
1 0 0 0===0
1 0 0 0===0
1 0 0 0===0
1 0 0 0===0
1 0 0 0===0
1 0 0 0===0
1 0 0 0===0
1 0 0 0===0
1 0 0 0===0
1 0 0 0===0
1 0 0 0===0
1 0 0 0===0
1 0 0 0===0
1 38 42 48===0
1 0 18 46===0
1 0 36 44===0
1 0 23 44===0
1 33 35 39===0
1 0 20 48===0
1 30 34 41===0
1 0 20 47===0
1 0 20 49===0
1 0 8 49===0
1 0 13 50===0
1 0 8 48===0
1 0 31 45===0
1 0 11 48===0
1 0 34 48===0
1 0 10 48===0
1 0 24 50===0
1 0 8 48===0
1 0 13 50===0
1 0 8 48===0
1 0 31 45===0
1 0 14 50===0
1 0 33 48===0
1 0 10 47===0
1 0 20 50===0
1 0 8 48===0
1 0 23 49===0
1 0 11 45===0
1 0 33 45===0
1 0 16 48===0
1 0 36 47===0
1 0 13 48===0
1 0 0 0===0
1 0 0 0===0
1 0 0 0===0
1 0 0 0===0
1 0 0 0===0
1 0 0 0===0
1 0 0 0===0
1 0 0 0===0
1 0 0 0===0
1 0 0 0===0
1 0 0 0===0
1 0 0 0===0
1 0 0 0===0
1 0 0 0===0
1 0 0 0===0
1 0 0 0===0
1 0 0 0===0
1 0 0 0===0
1 0 0 0===0
1 0 0 0===0
1 0 0 0===0
1 0 0 0===0
1 0 0 0===0
1 0 0 0===0
1 0 14 50===0
1 0 6 49===0
1 0 36 48===0
1 0 19 46===0
1 0 38 44===0
1 0 22 48===0
1 0 39 46===0
1 0 20 49===0
1 0 27 49===0
1 0 8 48===0
1 0 19 46===0
1 0 14 47===0
1 0 33 44===0
1 0 15 47===0
1 0 35 50===0
1 0 9 44===0
1 0 26 50===0
